1_A/Anser_albifrons/Hu 10	7	12	5	8	4	12	10	3	12	1	0	5	3	0	0	9	4	6	0	9	4	8	0	12	9	9	2	10	3	10	0	12	11	29	12	9	4	22	7	16	14	14	11	15	0	19	9	8	7	12	7	6	5	12	5	6	15	25	17	11	2	14	12	
2_A/chicken/Jiangxi/04 7	4	13	7	10	7	11	8	10	10	1	0	4	3	0	0	12	3	9	0	7	5	7	0	8	10	10	1	10	2	6	1	13	11	28	9	6	7	20	6	19	10	22	18	15	2	14	5	9	8	13	7	7	3	12	1	4	16	25	16	13	3	13	16	
3_A/chicken/Taiwan/011 7	5	12	7	10	6	12	8	11	12	1	0	3	1	0	0	11	3	9	0	9	4	7	0	9	9	8	0	8	3	8	2	12	10	27	8	10	6	20	9	20	11	24	16	13	2	14	6	7	8	12	5	7	3	14	1	5	17	21	15	13	3	17	17	
4_A/chicken/Taiwan/a17 7	5	12	7	10	6	12	8	11	12	1	0	3	1	0	0	11	3	9	0	9	4	7	0	9	9	8	0	8	3	8	2	12	10	27	8	10	6	20	9	20	11	24	16	13	2	14	6	7	8	12	5	7	3	14	1	5	17	21	15	13	3	17	17	
5_A/chicken/Yuhang/1/2 6	6	12	8	13	6	12	7	10	10	1	0	4	2	0	0	7	4	7	0	11	2	9	0	7	9	6	2	9	3	12	0	12	9	28	10	10	5	24	6	22	11	23	15	13	1	18	6	5	7	11	8	9	5	14	1	7	15	23	16	8	2	16	13	
6_A/chicken/Yuhang/2/2 6	6	12	8	13	6	12	7	10	10	1	0	4	2	0	0	7	4	7	0	11	2	9	0	7	9	6	2	9	3	12	0	12	9	28	10	10	5	24	6	22	11	23	15	13	1	18	6	5	7	11	8	9	5	14	1	7	15	23	16	8	2	16	13	
7_A/duck/Chongqing/S43 11	6	11	6	8	6	13	9	3	12	1	0	5	2	0	0	12	4	8	0	8	4	6	0	10	9	11	2	9	3	8	0	16	9	27	12	6	4	23	6	16	12	16	10	14	1	18	10	8	8	15	7	8	4	11	3	7	17	27	18	10	2	13	10	
8_A/Duck/Dongting/D76- 12	6	11	7	7	6	13	8	3	12	1	0	5	2	0	0	12	4	7	0	8	4	8	0	9	10	8	2	9	2	11	0	14	10	28	12	9	5	21	6	16	12	17	14	15	0	16	5	7	7	14	6	9	4	14	5	6	16	28	14	9	3	11	15	
9_A/duck/Eastern_China 6	6	11	7	12	5	13	8	10	11	1	0	4	4	0	0	9	3	8	1	9	4	7	0	9	10	9	1	7	2	11	0	14	8	26	10	9	8	21	6	19	10	22	19	13	3	15	5	8	7	14	7	6	4	12	0	7	14	26	17	10	4	12	14	
10_A/duck/Eastern_China 6	6	11	7	12	5	13	8	9	11	1	0	4	3	0	0	10	3	8	1	8	5	7	0	10	9	9	1	7	3	11	0	14	8	27	10	8	8	21	6	19	10	23	18	13	3	14	5	9	7	13	7	6	4	12	0	7	14	26	18	10	4	13	13	
11_A/duck/Guangdong/wy1 6	5	11	7	13	6	13	8	10	11	1	0	3	3	0	0	10	3	8	1	7	4	8	0	9	11	7	1	7	3	12	0	13	8	25	10	9	7	21	6	20	10	24	16	12	3	16	4	10	8	15	6	6	4	11	1	7	15	26	16	10	3	13	15	
12_A/duck/Guangdong/wy1 6	5	10	7	12	6	14	8	10	11	1	0	3	3	0	0	10	3	8	1	8	4	8	0	10	10	7	1	7	3	12	0	13	8	25	10	8	7	20	6	21	10	24	16	12	3	16	4	10	8	15	6	6	4	12	1	7	15	26	16	10	3	13	15	
13_A/duck/Guangdong/wy2 6	6	11	7	12	5	13	8	9	11	1	0	4	3	0	0	10	3	9	1	8	4	7	0	11	10	9	1	6	3	10	0	14	8	27	10	8	7	21	6	19	10	22	18	13	3	15	5	8	7	14	7	7	5	12	1	7	16	25	17	10	2	14	13	
14_A/duck/Kaohsiung/15W 11	6	12	6	8	6	12	9	2	12	1	0	5	2	0	0	12	4	8	0	7	5	6	0	12	10	11	2	8	2	8	0	14	12	29	12	8	3	23	6	15	11	16	9	15	1	18	10	8	7	14	7	8	4	11	3	7	17	25	20	10	2	14	9	
15_A/duck/Kaohsiung/20W 9	4	10	7	10	6	14	8	2	14	1	0	5	1	0	0	12	4	8	0	8	4	6	0	12	9	13	2	8	3	6	0	15	13	28	11	7	4	23	6	16	11	18	10	14	1	17	9	7	8	14	6	9	4	11	5	6	15	25	20	10	2	15	9	
16_A/duck/Liaoning/LN/2 7	6	11	7	12	5	13	8	10	11	1	0	3	4	0	0	10	3	8	1	7	4	7	0	10	10	10	1	7	2	10	0	13	8	26	10	9	8	21	6	20	10	22	19	13	3	15	4	9	7	14	7	6	4	11	0	6	14	25	17	10	4	15	14	
17_A/duck/Pingtung/1501 7	5	12	7	10	6	12	8	11	12	1	0	3	1	0	0	11	3	9	0	9	4	7	0	9	9	8	0	8	3	8	2	12	10	27	8	10	6	20	9	20	11	24	16	13	2	14	6	7	8	12	5	7	3	14	1	5	17	21	15	13	3	17	17	
18_A/duck/Tainan/16WB34 11	6	11	6	8	6	13	9	2	12	1	0	5	2	0	0	12	4	8	0	8	4	6	0	12	9	12	2	8	3	7	0	15	12	27	12	7	3	23	6	16	11	15	10	14	1	19	9	8	6	16	7	9	4	11	3	6	17	27	20	11	2	12	9	
19_A/duck/Taipei/18WB01 9	5	10	7	10	7	14	8	2	12	1	0	5	2	0	0	12	4	8	0	7	4	6	0	13	9	13	2	8	3	6	0	14	12	27	13	7	4	25	4	16	11	13	10	14	1	20	9	7	6	15	7	9	5	11	3	7	16	27	19	10	2	14	10	
20_A/duck/Taipei/19WB02 9	5	10	7	10	7	14	8	2	13	1	0	5	1	0	0	12	4	7	0	8	4	7	0	12	9	13	2	8	3	5	0	15	12	27	12	7	4	24	6	16	11	16	10	14	1	17	11	8	8	14	7	8	3	12	3	7	16	26	19	10	1	14	10	
21_A/goose/Guangdong/k0 7	6	9	6	11	5	15	9	10	11	1	0	4	4	0	0	10	3	8	1	8	4	7	0	9	11	9	1	6	2	11	0	13	8	28	10	10	8	19	5	18	10	24	17	14	3	13	7	8	7	14	8	6	4	12	0	7	13	24	19	10	5	14	13	
22_A/goose/Taiwan/01038 7	5	12	7	10	6	12	8	11	12	1	0	3	1	0	0	11	3	9	0	9	4	7	0	9	9	8	0	8	3	8	2	12	10	27	8	10	6	20	9	20	11	24	16	13	2	14	6	7	8	12	5	7	3	14	1	5	17	21	15	13	3	17	17	
23_A/heron/Kaohsiung/15 11	6	11	6	8	6	13	9	2	12	1	0	5	2	0	0	11	4	8	0	9	4	6	0	12	9	11	2	8	3	8	0	15	12	28	11	7	3	23	7	16	11	16	9	14	1	18	10	7	7	15	7	9	4	10	4	8	16	25	20	10	2	14	9	
24_A/quail/Jiangsu/k010 6	6	11	7	12	5	13	8	10	11	1	0	4	4	0	0	9	3	8	1	9	4	7	0	9	10	9	1	7	2	11	0	13	8	26	10	9	8	21	5	20	10	23	19	13	3	14	5	9	7	14	7	6	4	12	1	6	14	24	17	10	4	15	14	
25_A/wild_bird/Eastern_ 10	6	11	6	9	7	13	9	2	11	1	0	5	2	0	0	12	4	9	0	8	3	5	0	10	10	12	2	10	3	7	0	16	11	29	12	6	3	22	6	16	12	15	9	14	1	20	9	7	7	15	7	9	4	10	3	5	17	26	20	12	2	14	9	
26_A/wild_bird/Eastern_ 10	6	11	6	9	7	13	9	2	11	1	0	5	2	0	0	12	4	9	0	8	3	5	0	10	10	12	3	10	3	7	0	16	11	29	12	6	3	22	6	16	12	14	9	14	1	21	8	7	7	15	7	9	4	11	3	6	17	25	20	11	2	14	9	
27_A/wild_bird/Eastern_ 10	6	11	6	9	7	13	9	2	11	1	0	5	2	0	0	12	4	9	0	8	3	5	0	10	10	12	2	10	3	7	0	16	11	29	12	6	3	22	6	16	12	15	9	14	1	20	9	7	7	15	7	9	4	11	3	5	17	25	20	12	2	14	9	
28_A/wild_duck/Hunan/12 12	6	11	7	7	6	13	8	3	12	1	0	5	2	0	0	12	4	7	0	8	4	8	0	9	10	8	2	9	2	11	0	14	10	28	12	9	5	21	6	16	12	17	14	15	0	16	5	7	7	14	6	9	4	14	5	6	17	28	14	9	2	11	15	
29_A/Bulbul/Taiwan/0115 7	5	12	7	10	6	12	8	12	12	1	0	3	1	0	0	11	3	9	0	9	4	7	0	8	9	8	0	8	3	8	2	12	10	27	8	10	6	20	9	20	11	24	16	13	2	14	6	7	8	12	5	7	3	14	1	5	17	21	15	13	3	17	17	
30_A/Duck/Dongting/D76- 12	6	11	7	7	6	13	8	3	12	1	0	5	2	0	0	12	4	7	0	8	4	8	0	9	10	8	2	9	2	11	0	14	10	28	12	9	5	21	6	16	12	17	14	15	0	16	5	7	7	14	6	9	4	14	5	6	16	28	14	9	3	11	15	
31_A/chicken/Taiwan/011 7	5	12	7	10	6	12	8	11	12	1	0	3	1	0	0	11	3	9	0	9	4	7	0	9	9	8	0	8	3	8	2	12	10	27	8	10	6	20	9	20	11	24	16	13	2	14	6	7	8	12	5	7	3	14	1	5	17	21	15	13	3	17	17	
32_A/chicken/Yuhang/1/2 6	6	12	8	13	6	12	7	10	10	1	0	4	2	0	0	7	4	7	0	11	2	9	0	7	9	6	2	9	3	12	0	12	9	28	10	10	5	24	6	22	11	23	15	13	1	18	6	5	7	11	8	9	5	14	1	7	15	23	16	8	2	16	13	
33_A/chicken/Yuhang/2/2 6	6	12	8	13	6	12	7	10	10	1	0	4	2	0	0	7	4	7	0	11	2	9	0	7	9	6	2	9	3	12	0	12	9	28	10	10	5	24	6	22	11	23	15	13	1	18	6	5	7	11	8	9	5	14	1	7	15	23	16	8	2	16	13	
34_A/duck/Chongqing/S43 11	6	11	6	8	6	13	9	3	12	1	0	5	2	0	0	12	4	8	0	8	4	6	0	10	9	11	2	9	3	8	0	16	9	27	12	6	4	23	6	16	12	16	10	14	1	18	10	8	8	15	7	8	4	11	3	7	17	27	18	10	2	13	10	
35_A/duck/Eastern_China 6	6	11	7	12	5	13	8	10	11	1	0	4	4	0	0	9	3	8	1	9	4	7	0	9	10	9	1	7	2	11	0	14	8	26	10	9	8	21	6	19	10	22	19	13	3	15	5	8	7	14	7	6	4	12	0	7	14	26	17	10	4	12	14	
36_A/duck/Eastern_China 6	6	11	7	12	5	13	8	9	11	1	0	4	3	0	0	10	3	8	1	8	5	7	0	10	9	9	1	7	3	11	0	14	8	27	10	8	8	21	6	19	10	23	18	13	3	14	5	9	7	13	7	6	4	12	0	7	14	26	18	10	4	13	13	
37_A/duck/Guangdong/wy1 6	5	11	7	13	6	13	8	10	11	1	0	3	3	0	0	10	3	8	1	7	4	8	0	9	11	7	1	7	3	12	0	13	8	25	10	9	7	21	6	20	10	24	16	12	3	16	4	10	8	15	6	6	4	11	1	7	15	26	16	10	3	13	15	
38_A/duck/Guangdong/wy1 6	5	10	7	12	6	14	8	10	11	1	0	3	3	0	0	10	3	8	1	8	4	8	0	10	10	7	1	7	3	12	0	13	8	25	10	8	7	20	6	21	10	24	16	12	3	16	4	10	8	15	6	6	4	12	1	7	15	26	16	10	3	13	15	
39_A/duck/Guangdong/wy2 6	6	11	7	12	5	13	8	9	11	1	0	4	3	0	0	10	3	9	1	8	4	7	0	11	10	9	1	6	3	10	0	14	8	27	10	8	7	21	6	19	10	22	18	13	3	15	5	8	7	14	7	7	5	12	1	7	16	25	17	10	2	14	13	
40_A/duck/HuBei/03/2010 6	6	12	8	12	6	12	7	8	11	1	0	4	3	0	0	10	3	8	0	8	3	6	0	10	10	7	1	8	3	12	0	14	9	22	12	8	6	25	5	19	10	23	18	14	3	16	3	8	7	14	7	7	5	13	0	7	14	24	17	10	4	14	15	
41_A/duck/Kaohsiung/15W 11	6	12	6	8	6	12	9	2	12	1	0	5	2	0	0	12	4	8	0	7	5	6	0	12	10	11	2	8	2	8	0	14	12	29	12	8	3	23	6	15	11	16	9	15	1	18	10	8	7	14	7	8	4	11	3	7	17	25	20	10	2	14	9	
42_A/duck/Kaohsiung/20W 9	4	10	7	10	6	14	8	2	14	1	0	5	1	0	0	12	4	8	0	8	4	6	0	12	9	13	2	8	3	6	0	15	13	28	11	7	4	23	6	16	11	18	10	14	1	17	9	7	8	14	6	9	4	11	5	6	15	25	20	10	2	15	9	
43_A/duck/Liaoning/LN/2 7	6	11	7	12	5	13	8	10	11	1	0	3	4	0	0	10	3	8	1	7	4	7	0	10	10	10	1	7	2	10	0	13	8	26	10	9	8	21	6	20	10	22	19	13	3	15	4	9	7	14	7	6	4	11	0	6	14	25	17	10	4	15	14	
44_A/duck/Pingtung/1501 7	5	12	7	10	6	12	8	11	12	1	0	3	1	0	0	11	3	9	0	9	4	7	0	9	9	8	0	8	3	8	2	12	10	27	8	10	6	20	9	20	11	24	16	13	2	14	6	7	8	12	5	7	3	14	1	5	17	21	15	13	3	17	17	
45_A/duck/Tainan/16WB34 11	6	11	6	8	6	13	9	2	12	1	0	5	2	0	0	12	4	8	0	8	4	6	0	12	9	12	2	8	3	7	0	15	12	27	12	7	3	23	6	16	11	15	10	14	1	19	9	8	6	16	7	9	4	11	3	6	17	27	20	11	2	12	9	
46_A/duck/Taipei/18WB01 9	5	10	7	10	7	14	8	2	12	1	0	5	2	0	0	12	4	8	0	7	4	6	0	13	9	13	2	8	3	6	0	14	12	27	13	7	4	25	4	16	11	13	10	14	1	20	9	7	6	15	7	9	5	11	3	7	16	27	19	10	2	14	10	
47_A/duck/Taipei/19WB02 9	5	10	7	10	7	14	8	2	13	1	0	5	1	0	0	12	4	7	0	8	4	7	0	12	9	13	2	8	3	5	0	15	12	27	12	7	4	24	6	16	11	16	10	14	1	17	11	8	8	14	7	8	3	12	3	7	16	26	19	10	1	14	10	
48_A/goose/Guangdong/k0 7	6	9	6	11	5	15	9	10	11	1	0	4	4	0	0	10	3	8	1	8	4	7	0	9	11	9	1	6	2	11	0	13	8	28	10	10	8	19	5	18	10	24	17	14	3	13	7	8	7	14	8	6	4	12	0	7	13	24	19	10	5	14	13	
49_A/goose/Hong_Kong/23 11	7	11	7	9	5	13	8	2	13	1	0	8	1	0	0	11	4	8	0	9	4	6	0	9	11	12	1	7	1	6	0	13	10	28	12	8	5	23	5	17	13	16	10	15	0	20	10	7	6	13	8	12	5	12	2	5	14	26	17	8	4	13	13	
50_A/goose/Taiwan/01038 7	5	12	7	10	6	12	8	11	12	1	0	3	1	0	0	11	3	9	0	9	4	7	0	9	9	8	0	8	3	8	2	12	10	27	8	10	6	20	9	20	11	24	16	13	2	14	6	7	8	12	5	7	3	14	1	5	17	21	15	13	3	17	17	
51_A/heron/Kaohsiung/15 11	6	11	6	8	6	13	9	2	12	1	0	5	2	0	0	11	4	8	0	9	4	6	0	12	9	11	2	8	3	8	0	15	12	28	11	7	3	23	7	16	11	16	9	14	1	18	10	7	7	15	7	9	4	10	4	8	16	25	20	10	2	14	9	
52_A/quail/Jiangsu/k010 6	6	11	7	12	5	13	8	10	11	1	0	4	4	0	0	9	3	8	1	9	4	7	0	9	10	9	1	7	2	11	0	13	8	26	10	9	8	21	5	20	10	23	19	13	3	14	5	9	7	14	7	6	4	12	1	6	14	24	17	10	4	15	14	
53_A/wild_bird/Eastern_ 10	6	11	6	9	7	13	9	2	11	1	0	5	2	0	0	12	4	9	0	8	3	5	0	10	10	12	2	10	3	7	0	16	11	29	12	6	3	22	6	16	12	15	9	14	1	20	9	7	7	15	7	9	4	10	3	5	17	26	20	12	2	14	9	
54_A/wild_bird/Eastern_ 10	6	11	6	9	7	13	9	2	11	1	0	5	2	0	0	12	4	9	0	8	3	5	0	10	10	12	3	10	3	7	0	16	11	29	12	6	3	22	6	16	12	14	9	14	1	21	8	7	7	15	7	9	4	11	3	6	17	25	20	11	2	14	9	
55_A/wild_bird/Eastern_ 10	6	11	6	9	7	13	9	2	11	1	0	5	2	0	0	12	4	9	0	8	3	5	0	10	10	12	2	10	3	7	0	16	11	29	12	6	3	22	6	16	12	15	9	14	1	20	9	7	7	15	7	9	4	11	3	5	17	25	20	12	2	14	9	
56_A/Anser_albifrons/Hu 4	2	0	3	3	1	5	0	1	4	0	1	1	1	0	0	5	2	3	1	7	2	2	1	5	3	2	2	7	1	13	2	3	4	4	7	4	9	6	2	2	3	6	7	14	4	5	6	3	7	5	3	5	8	2	2	1	6	8	5	8	4	9	6	
57_A/chicken/Jiangxi/04 4	1	0	2	2	2	5	1	1	4	0	1	3	0	0	0	5	2	3	2	7	2	2	0	6	4	5	1	4	0	10	3	5	7	4	6	3	3	8	2	2	7	3	6	14	2	10	4	4	8	4	3	4	7	3	1	3	9	9	6	4	4	8	7	
58_A/chicken/Taiwan/011 3	2	1	2	4	1	4	1	1	6	0	1	2	0	0	0	6	2	4	1	6	2	1	1	5	3	0	3	6	1	15	1	3	5	8	4	6	6	5	4	2	5	4	8	14	3	8	3	3	6	6	3	4	9	0	2	1	9	5	6	7	1	12	5	
59_A/chicken/Taiwan/a17 3	2	1	2	4	1	4	1	1	6	0	1	2	0	0	0	6	2	4	1	6	2	1	1	5	3	0	3	6	1	15	1	3	5	8	4	6	6	5	4	2	5	4	8	14	3	8	3	3	6	6	3	4	9	0	2	1	9	5	6	7	1	12	5	
60_A/chicken/Yuhang/1/2 4	1	0	2	2	2	5	1	3	4	0	1	0	0	0	0	5	1	4	2	7	3	1	0	6	4	3	0	5	0	12	4	5	7	4	5	4	4	7	4	2	5	3	6	14	3	10	4	4	10	3	3	3	6	4	1	3	8	8	6	4	4	9	7	
61_A/chicken/Yuhang/2/2 4	1	0	2	2	2	5	1	3	4	0	1	0	0	0	0	5	1	4	2	7	3	1	0	6	4	3	0	5	0	12	4	5	7	4	5	4	4	8	3	2	5	3	6	14	3	10	4	4	10	3	3	3	6	4	1	3	8	8	6	4	4	9	7	
62_A/duck/Chongqing/S43 4	2	0	3	3	1	5	0	1	4	0	1	2	1	0	0	5	2	3	1	7	2	2	1	4	3	3	2	7	1	12	2	4	4	5	7	3	9	5	2	2	3	6	8	14	4	6	4	4	9	5	3	5	8	2	2	1	5	9	5	7	3	8	6	
63_A/Duck/Dongting/D76- 4	2	0	3	3	1	5	0	1	4	0	1	2	1	0	0	5	2	3	1	7	2	2	1	5	3	3	2	6	1	12	2	2	4	5	7	5	9	5	2	2	3	6	7	15	4	6	5	3	8	5	3	5	8	2	2	1	6	8	5	7	3	9	6	
64_A/duck/Eastern_China 4	3	1	2	3	0	4	1	1	5	0	1	2	0	0	0	6	2	4	1	6	2	1	1	5	3	1	3	6	1	14	1	3	5	8	4	6	6	6	3	2	4	4	6	14	4	8	5	3	7	6	3	4	8	0	2	2	8	6	7	6	3	11	4	
65_A/duck/Eastern_China 4	3	1	2	3	0	4	1	1	5	0	1	2	0	0	0	6	2	4	1	6	2	1	1	5	3	1	3	6	1	14	1	3	5	8	4	6	6	6	3	2	4	4	6	14	4	8	5	3	7	6	3	4	8	0	2	2	8	6	7	6	3	11	4	
66_A/duck/Guangdong/wy1 4	3	1	1	3	0	4	2	1	5	0	1	2	0	0	0	6	2	4	1	6	2	1	1	5	3	0	3	6	1	15	1	3	5	8	5	6	6	6	2	2	4	4	6	14	4	8	5	3	7	6	3	4	8	0	2	2	7	7	7	6	4	10	4	
67_A/duck/Guangdong/wy1 3	3	1	2	3	0	4	1	1	5	0	1	2	0	0	0	7	2	4	1	6	2	1	1	5	3	0	3	6	1	15	1	3	5	9	5	6	6	5	2	2	4	4	6	14	4	8	5	4	6	6	3	3	9	0	2	2	7	7	7	6	4	10	4	
68_A/duck/Guangdong/wy2 4	3	1	2	2	0	5	1	2	5	0	1	2	0	0	0	6	2	4	1	6	2	1	1	4	3	0	3	6	1	15	1	3	5	8	4	6	6	5	3	2	4	4	6	14	4	9	5	3	7	6	3	4	8	0	2	2	7	7	7	6	4	10	4	
69_A/duck/Kaohsiung/15W 4	2	0	3	3	1	5	0	1	4	0	1	3	1	0	0	5	2	3	1	7	2	2	1	5	3	4	2	5	1	11	2	3	5	4	7	4	8	6	2	2	3	6	6	14	4	6	6	4	8	5	3	4	8	2	2	1	6	8	6	8	3	9	5	
70_A/duck/Kaohsiung/20W 4	2	0	3	3	1	5	0	1	4	0	1	1	1	0	0	5	2	3	1	7	2	2	1	5	2	3	2	7	2	12	2	3	5	6	7	4	8	4	2	2	3	6	7	14	4	6	5	3	8	5	3	5	7	2	2	1	7	7	5	8	3	10	6	
71_A/duck/Liaoning/LN/2 4	3	1	2	3	0	4	1	1	5	0	1	2	0	0	0	6	2	4	1	6	2	1	1	5	3	1	3	6	1	14	1	3	5	8	4	6	6	6	3	2	4	4	7	14	4	8	4	3	7	6	3	4	8	0	2	2	8	6	7	6	3	11	4	
72_A/duck/Pingtung/1501 3	2	1	2	4	1	4	1	1	6	0	1	2	0	0	0	6	2	4	1	6	2	1	1	5	3	0	3	6	1	15	1	3	5	9	3	6	6	5	4	2	5	4	8	14	3	8	3	3	6	6	3	4	9	0	2	1	9	5	6	7	1	12	5	
73_A/duck/Tainan/16WB34 4	2	0	3	3	1	5	0	1	4	0	1	2	1	0	0	5	2	3	1	7	2	2	1	3	3	3	2	8	1	12	2	4	4	4	7	3	9	6	2	2	3	6	8	14	4	6	4	4	9	5	3	5	8	2	2	1	5	8	5	7	3	9	6	
74_A/duck/Taipei/18WB01 4	2	1	2	3	2	4	1	1	4	0	1	1	0	0	0	7	2	3	1	7	2	2	1	3	2	3	2	7	2	12	2	3	5	4	7	4	7	6	2	2	5	6	10	14	3	6	2	2	6	6	2	4	7	1	3	2	10	6	4	9	2	11	7	
75_A/duck/Taipei/19WB02 4	2	0	3	3	1	5	0	1	4	0	1	2	1	0	0	5	2	3	1	7	2	2	1	5	3	3	2	6	1	12	2	3	4	4	7	4	9	6	2	2	3	6	7	14	4	6	5	3	8	5	3	5	8	2	2	2	7	8	4	7	2	9	7	
76_A/goose/Guangdong/k0 4	3	1	2	3	0	4	1	1	5	0	1	2	0	0	0	6	2	4	1	6	2	1	1	5	3	1	3	6	1	14	1	3	5	8	4	6	6	5	4	2	4	4	6	14	4	8	5	4	7	6	3	3	8	0	2	2	8	6	7	6	3	11	4	
77_A/goose/Taiwan/01038 3	2	1	2	4	1	4	1	1	6	0	1	2	0	0	0	6	2	4	1	6	2	1	1	5	3	0	3	6	1	15	1	3	5	9	3	6	6	5	4	2	5	4	8	14	3	8	3	3	6	6	3	4	9	0	2	1	9	5	6	7	1	12	5	
78_A/heron/Kaohsiung/15 4	2	0	3	3	1	5	0	1	4	0	1	1	1	0	0	5	2	3	1	7	2	2	1	5	3	2	2	7	1	13	2	3	4	4	6	3	9	6	3	3	3	7	7	14	4	5	5	3	7	5	3	5	8	2	2	1	6	8	5	8	4	9	6	
79_A/quail/Jiangsu/k010 4	3	1	2	3	0	4	1	1	5	0	1	2	0	0	0	6	2	3	1	6	2	2	1	5	3	1	3	6	1	14	1	3	5	8	4	6	6	6	3	2	4	4	7	14	4	8	4	3	7	6	3	4	8	0	2	2	8	6	7	6	3	11	4	
80_A/wild_bird/Eastern_ 4	2	0	3	3	1	5	0	1	4	0	1	1	1	0	0	5	2	3	1	7	2	2	1	5	3	2	3	7	1	13	1	3	4	4	7	4	9	6	2	2	3	6	7	14	4	6	5	3	7	5	2	5	9	2	2	1	4	8	5	9	4	9	7	
81_A/wild_bird/Eastern_ 4	2	0	3	3	1	5	0	1	4	0	1	1	1	0	0	5	2	3	1	7	2	2	1	5	3	2	3	7	1	13	1	3	4	4	7	4	9	6	2	2	3	6	7	14	4	6	5	3	7	5	2	5	9	2	2	1	4	8	5	8	5	9	7	
82_A/wild_bird/Eastern_ 4	2	0	3	3	1	5	0	1	4	0	1	1	1	0	0	5	2	3	1	7	2	2	1	5	3	2	3	7	1	13	1	3	4	4	7	4	9	6	2	2	3	6	7	15	4	6	5	3	7	5	2	5	9	2	2	1	4	8	5	7	5	9	7	
83_A/wild_duck/Hunan/12 4	2	0	3	3	1	5	0	1	4	0	1	2	1	0	0	5	2	3	1	7	2	2	1	5	3	3	2	6	1	12	2	2	4	5	7	5	9	5	2	2	3	6	7	15	4	6	5	3	8	5	3	5	8	2	2	1	7	8	5	7	2	9	6	
84_A/Bulbul/Taiwan/0115 3	2	1	2	4	1	4	1	1	6	0	1	2	0	0	0	6	2	4	1	6	2	1	1	5	3	0	3	6	1	15	1	3	5	9	3	6	6	5	4	2	4	4	8	14	4	8	3	3	6	6	3	4	9	0	2	1	9	5	6	7	1	12	5	
85_A/Duck/Dongting/D76- 4	2	0	3	3	1	5	0	1	4	0	1	2	1	0	0	5	2	3	1	7	2	2	1	5	3	3	2	6	1	12	2	2	4	5	7	5	9	5	2	2	3	6	7	15	4	6	5	3	8	5	3	5	8	2	2	1	6	8	5	7	3	9	6	
86_A/chicken/Taiwan/011 3	2	1	2	4	1	4	1	1	6	0	1	2	0	0	0	6	2	4	1	6	2	1	1	5	3	0	3	6	1	15	1	3	5	8	4	6	6	5	4	2	5	4	8	14	3	8	3	3	6	6	3	4	9	0	2	1	9	5	6	7	1	12	5	
87_A/chicken/Yuhang/1/2 4	1	0	2	2	2	5	1	3	4	0	1	0	0	0	0	5	1	4	2	7	3	1	0	6	4	3	0	5	0	12	4	5	7	4	5	4	4	7	4	2	5	3	6	14	3	10	4	4	10	3	3	3	6	4	1	3	8	8	6	4	4	9	7	
88_A/chicken/Yuhang/2/2 4	1	0	2	2	2	5	1	3	4	0	1	0	0	0	0	5	1	4	2	7	3	1	0	6	4	3	0	5	0	12	4	5	7	4	5	4	4	8	3	2	5	3	6	14	3	10	4	4	10	3	3	3	6	4	1	3	8	8	6	4	4	9	7	
89_A/duck/Chongqing/S43 4	2	0	3	3	1	5	0	1	4	0	1	2	1	0	0	5	2	3	1	7	2	2	1	4	3	3	2	7	1	12	2	4	4	5	7	3	9	5	2	2	3	6	8	14	4	6	4	4	9	5	3	5	8	2	2	1	5	9	5	7	3	8	6	
90_A/duck/Eastern_China 4	3	1	2	3	0	4	1	1	5	0	1	2	0	0	0	6	2	4	1	6	2	1	1	5	3	1	3	6	1	14	1	3	5	8	4	6	6	6	3	2	4	4	6	14	4	8	5	3	7	6	3	4	8	0	2	2	8	6	7	6	3	11	4	
91_A/duck/Eastern_China 4	3	1	2	3	0	4	1	1	5	0	1	2	0	0	0	6	2	4	1	6	2	1	1	5	3	1	3	6	1	14	1	3	5	8	4	6	6	6	3	2	4	4	6	14	4	8	5	3	7	6	3	4	8	0	2	2	8	6	7	6	3	11	4	
92_A/duck/Guangdong/wy1 4	3	1	1	3	0	4	2	1	5	0	1	2	0	0	0	6	2	4	1	6	2	1	1	5	3	0	3	6	1	15	1	3	5	8	5	6	6	6	2	2	4	4	6	14	4	8	5	3	7	6	3	4	8	0	2	2	7	7	7	6	4	10	4	
93_A/duck/Guangdong/wy1 3	3	1	2	3	0	4	1	1	5	0	1	2	0	0	0	7	2	4	1	6	2	1	1	5	3	0	3	6	1	15	1	3	5	9	5	6	6	5	2	2	4	4	6	14	4	8	5	4	6	6	3	3	9	0	2	2	7	7	7	6	4	10	4	
94_A/duck/Guangdong/wy2 4	3	1	2	2	0	5	1	2	5	0	1	2	0	0	0	6	2	4	1	6	2	1	1	4	3	0	3	6	1	15	1	3	5	8	4	6	6	5	3	2	4	4	6	14	4	9	5	3	7	6	3	4	8	0	2	2	7	7	7	6	4	10	4	
95_A/duck/HuBei/03/2010 4	3	1	2	3	0	4	1	0	5	0	1	2	0	0	0	5	2	4	1	7	2	1	1	6	3	0	3	6	1	15	1	3	5	8	4	6	6	5	3	2	4	5	6	14	4	8	5	3	8	6	3	4	7	0	2	1	9	7	7	7	2	10	4	
96_A/duck/Kaohsiung/15W 4	2	0	3	3	1	5	0	1	4	0	1	3	1	0	0	5	2	3	1	7	2	2	1	5	3	4	2	5	1	11	2	3	5	4	7	4	8	6	2	2	3	6	6	14	4	6	6	4	8	5	3	4	8	2	2	1	6	8	6	8	3	9	5	
97_A/duck/Kaohsiung/20W 4	2	0	3	3	1	5	0	1	4	0	1	1	1	0	0	5	2	3	1	7	2	2	1	5	2	3	2	7	2	12	2	3	5	6	7	4	8	4	2	2	3	6	7	14	4	6	5	3	8	5	3	5	7	2	2	1	7	7	5	8	3	10	6	
98_A/duck/Liaoning/LN/2 4	3	1	2	3	0	4	1	1	5	0	1	2	0	0	0	6	2	4	1	6	2	1	1	5	3	1	3	6	1	14	1	3	5	8	4	6	6	6	3	2	4	4	7	14	4	8	4	3	7	6	3	4	8	0	2	2	8	6	7	6	3	11	4	
99_A/duck/Pingtung/1501 3	2	1	2	4	1	4	1	1	6	0	1	2	0	0	0	6	2	4	1	6	2	1	1	5	3	0	3	6	1	15	1	3	5	9	3	6	6	5	4	2	5	4	8	14	3	8	3	3	6	6	3	4	9	0	2	1	9	5	6	7	1	12	5	
100_A/duck/Tainan/16WB34 4	2	0	3	3	1	5	0	1	4	0	1	2	1	0	0	5	2	3	1	7	2	2	1	3	3	3	2	8	1	12	2	4	4	4	7	3	9	6	2	2	3	6	8	14	4	6	4	4	9	5	3	5	8	2	2	1	5	8	5	7	3	9	6	
101_A/duck/Taipei/18WB01 4	2	1	2	3	2	4	1	1	4	0	1	1	0	0	0	7	2	3	1	7	2	2	1	3	2	3	2	7	2	12	2	3	5	4	7	4	7	6	2	2	5	6	10	14	3	6	2	2	6	6	2	4	7	1	3	2	10	6	4	9	2	11	7	
102_A/duck/Taipei/19WB02 4	2	0	3	3	1	5	0	1	4	0	1	2	1	0	0	5	2	3	1	7	2	2	1	5	3	3	2	6	1	12	2	3	4	4	7	4	9	6	2	2	3	6	7	14	4	6	5	3	8	5	3	5	8	2	2	2	7	8	4	7	2	9	7	
103_A/goose/Guangdong/k0 4	3	1	2	3	0	4	1	1	5	0	1	2	0	0	0	6	2	4	1	6	2	1	1	5	3	1	3	6	1	14	1	3	5	8	4	6	6	5	4	2	4	4	6	14	4	8	5	4	7	6	3	3	8	0	2	2	8	6	7	6	3	11	4	
104_A/goose/Hong_Kong/23 3	2	1	2	4	1	4	1	1	4	0	1	1	1	0	0	7	2	3	1	5	2	2	0	6	3	2	3	6	1	13	2	3	5	4	6	4	6	6	3	2	5	4	8	14	4	8	4	4	10	4	3	5	7	3	2	1	4	6	6	7	4	11	5	
105_A/goose/Taiwan/01038 3	2	1	2	4	1	4	1	1	6	0	1	2	0	0	0	6	2	4	1	6	2	1	1	5	3	0	3	6	1	15	1	3	5	9	3	6	6	5	4	2	5	4	8	14	3	8	3	3	6	6	3	4	9	0	2	1	9	5	6	7	1	12	5	
106_A/heron/Kaohsiung/15 4	2	0	3	3	1	5	0	1	4	0	1	1	1	0	0	5	2	3	1	7	2	2	1	5	3	2	2	7	1	13	2	3	4	4	6	3	9	6	3	3	3	7	7	14	4	5	5	3	7	5	3	5	8	2	2	1	6	8	5	8	4	9	6	
107_A/quail/Jiangsu/k010 4	3	1	2	3	0	4	1	1	5	0	1	2	0	0	0	6	2	3	1	6	2	2	1	5	3	1	3	6	1	14	1	3	5	8	4	6	6	6	3	2	4	4	7	14	4	8	4	3	7	6	3	4	8	0	2	2	8	6	7	6	3	11	4	
108_A/wild_bird/Eastern_ 4	2	0	3	3	1	5	0	1	4	0	1	1	1	0	0	5	2	3	1	7	2	2	1	5	3	2	3	7	1	13	1	3	4	4	7	4	9	6	2	2	3	6	7	14	4	6	5	3	7	5	2	5	9	2	2	1	4	8	5	9	4	9	7	
109_A/wild_bird/Eastern_ 4	2	0	3	3	1	5	0	1	4	0	1	1	1	0	0	5	2	3	1	7	2	2	1	5	3	2	3	7	1	13	1	3	4	4	7	4	9	6	2	2	3	6	7	14	4	6	5	3	7	5	2	5	9	2	2	1	4	8	5	8	5	9	7	
110_A/wild_bird/Eastern_ 4	2	0	3	3	1	5	0	1	4	0	1	1	1	0	0	5	2	3	1	7	2	2	1	5	3	2	3	7	1	13	1	3	4	4	7	4	9	6	2	2	3	6	7	15	4	6	5	3	7	5	2	5	9	2	2	1	4	8	5	7	5	9	7	
111_A/Anser_albifrons/Hu 6	5	7	10	12	5	6	9	2	11	1	0	1	4	0	0	3	6	6	0	1	9	5	0	6	9	6	4	6	1	3	2	10	11	23	9	9	7	14	5	22	19	14	4	7	2	11	8	8	5	14	9	5	6	14	5	13	3	12	12	7	3	8	13	
112_A/chicken/Jiangxi/04 2	5	12	7	7	3	8	13	5	14	1	0	3	3	0	0	1	7	3	1	3	5	5	2	4	9	7	4	5	3	5	0	8	8	15	9	3	5	20	9	19	22	11	10	6	0	5	9	4	6	9	4	2	4	12	4	9	7	16	12	7	1	6	13	
113_A/chicken/Taiwan/011 6	5	7	10	12	5	6	9	2	11	1	0	2	3	0	0	3	6	6	0	1	9	5	0	6	9	6	3	6	1	3	3	10	11	23	9	9	7	14	5	22	19	14	3	7	2	11	9	8	5	14	9	5	6	14	5	13	3	12	13	7	3	8	12	
114_A/chicken/Taiwan/a17 6	5	7	10	12	5	6	9	2	11	1	0	1	4	0	0	3	6	6	0	1	9	5	0	6	9	6	3	6	1	3	3	10	11	23	9	9	7	14	5	22	19	14	3	7	2	11	9	8	5	14	9	5	6	14	5	13	3	12	13	7	3	8	12	
115_A/chicken/Yuhang/1/2 2	6	12	7	7	3	8	14	3	15	1	0	4	4	0	0	1	6	3	1	4	5	6	1	7	10	7	4	5	2	6	0	10	10	20	8	5	5	20	8	22	22	11	10	7	0	6	9	4	7	10	4	2	5	11	5	10	10	14	16	7	1	8	11	
116_A/chicken/Yuhang/2/2 2	6	12	7	7	3	8	14	3	15	1	0	4	3	0	0	1	6	3	1	4	5	6	1	7	10	7	4	5	3	6	0	10	10	20	8	5	5	20	8	22	22	11	10	7	0	6	9	4	7	10	4	2	5	11	5	10	10	14	16	7	1	8	11	
117_A/duck/Chongqing/S43 6	6	7	9	12	4	6	10	2	11	1	0	2	4	0	0	2	6	6	0	2	9	5	0	6	9	6	4	5	1	3	2	9	11	24	8	10	7	14	6	25	19	14	4	6	2	11	8	6	5	13	9	6	6	13	5	12	3	12	15	7	3	9	10	
118_A/Duck/Dongting/D76- 5	3	9	9	8	7	7	10	6	10	1	0	6	1	0	0	0	5	2	0	4	5	8	0	8	9	9	1	6	1	4	0	15	14	22	13	8	11	17	8	10	17	9	14	8	2	10	7	7	5	8	6	3	5	10	4	7	12	16	18	12	0	9	12	
119_A/duck/Eastern_China 11	5	8	8	8	8	5	10	3	15	0	0	5	0	1	0	4	3	5	0	1	5	3	0	5	11	9	1	6	2	1	1	14	9	14	12	6	6	11	8	15	15	17	12	10	1	8	6	13	5	12	9	8	7	9	3	11	7	15	17	9	2	13	13	
120_A/duck/Eastern_China 11	5	8	8	8	8	5	10	3	15	0	0	5	0	1	0	4	3	5	0	1	5	3	0	5	11	9	1	6	2	1	1	14	9	13	12	5	7	12	8	16	15	17	12	10	1	8	6	14	5	12	9	8	6	9	3	10	7	15	16	9	2	13	14	
121_A/duck/Guangdong/wy1 11	5	8	8	8	8	5	10	3	15	0	0	5	0	1	0	4	3	5	0	1	6	2	0	5	11	8	1	6	2	2	1	16	7	13	12	5	9	12	8	15	16	16	12	11	0	8	6	11	5	12	8	8	7	9	3	10	7	16	17	9	2	13	14	
122_A/duck/Guangdong/wy1 11	5	8	8	8	8	5	10	3	15	0	0	5	0	1	0	4	3	5	0	1	6	2	0	5	11	8	1	6	2	2	1	15	7	13	12	5	9	12	8	15	16	16	12	11	0	8	6	12	5	12	7	8	7	9	4	10	7	16	17	9	2	13	14	
123_A/duck/Guangdong/wy2 11	5	7	8	8	8	7	9	3	15	0	0	6	0	1	0	4	4	6	0	1	5	2	0	6	10	9	1	5	2	1	1	13	7	14	12	5	9	10	8	15	15	16	12	10	1	8	6	12	6	12	9	8	8	9	5	9	8	15	17	9	2	14	12	
124_A/duck/Kaohsiung/15W 6	6	7	9	12	4	6	10	2	11	1	0	1	4	0	0	3	6	6	0	1	9	5	0	6	9	6	4	6	1	3	2	10	11	23	8	9	7	14	6	22	19	15	4	8	2	10	8	7	5	14	9	6	6	14	5	11	4	10	14	7	3	9	12	
125_A/duck/Kaohsiung/20W 5	6	8	9	13	4	5	10	1	11	1	0	4	4	0	0	3	5	6	0	1	10	5	0	5	9	6	4	5	1	3	2	13	10	22	9	7	8	14	5	22	20	15	6	7	1	10	6	7	5	15	9	5	6	14	5	13	3	12	14	7	3	7	12	
126_A/duck/Liaoning/LN/2 12	5	8	7	7	8	5	11	2	15	0	0	6	0	1	0	4	3	5	0	1	5	3	0	6	11	9	1	5	2	1	1	14	9	15	12	5	7	11	9	16	16	17	12	10	0	7	6	14	5	11	9	7	7	9	3	10	7	15	16	9	2	13	14	
127_A/duck/Pingtung/1501 6	5	7	10	12	5	6	9	2	11	1	0	1	4	0	0	3	6	6	0	1	9	5	0	6	9	6	3	6	1	3	3	10	11	23	9	9	7	14	5	22	19	14	3	7	2	11	9	8	5	14	9	5	6	14	5	13	3	12	13	7	3	8	12	
128_A/duck/Tainan/16WB34 6	6	7	9	12	4	6	10	2	11	1	0	1	4	0	0	2	6	6	0	2	9	5	0	6	9	6	4	6	1	3	2	10	11	24	8	9	7	14	6	23	19	15	4	8	2	10	8	7	5	13	9	6	6	14	5	11	3	11	14	7	3	9	11	
129_A/duck/Taipei/18WB01 6	6	7	9	12	4	6	10	2	12	1	0	1	3	0	0	2	6	6	0	2	9	5	0	7	9	6	4	5	1	3	2	10	11	25	8	9	7	13	6	24	19	16	5	7	2	9	7	7	6	13	9	6	5	14	5	11	3	11	13	7	3	9	12	
130_A/duck/Taipei/19WB02 5	6	7	10	13	4	6	9	1	12	1	0	3	3	0	0	3	5	6	0	1	10	5	0	6	9	6	4	5	1	3	2	13	10	22	10	7	8	14	5	22	19	15	6	7	2	10	6	8	4	14	9	4	7	13	7	13	3	12	13	7	3	8	11	
131_A/goose/Guangdong/k0 10	3	8	9	5	10	4	10	4	15	0	0	5	0	1	0	6	3	6	0	3	6	2	1	3	10	9	1	3	2	1	2	15	8	17	12	5	8	10	6	16	16	19	9	11	1	9	5	11	4	11	11	8	7	10	2	12	8	15	17	10	1	12	13	
132_A/goose/Taiwan/01038 6	5	7	10	12	5	5	9	2	11	1	0	1	4	0	0	3	6	6	0	1	9	6	0	6	9	6	3	6	1	3	3	10	11	23	9	9	7	14	5	21	20	14	3	7	2	11	9	8	5	14	9	5	6	14	5	13	3	12	13	7	3	8	12	
133_A/heron/Kaohsiung/15 6	6	7	9	12	4	6	10	2	11	1	0	1	4	0	0	3	6	6	0	1	9	5	0	7	9	6	4	5	1	3	2	10	10	23	8	9	8	14	6	23	19	14	4	7	2	11	8	7	5	14	9	6	6	14	5	12	3	11	13	7	3	9	12	
134_A/quail/Jiangsu/k010 12	5	8	7	7	8	5	11	3	15	0	0	5	0	1	0	4	4	5	0	1	5	3	0	5	11	9	1	5	2	1	1	14	8	15	11	5	7	12	9	17	16	17	12	10	0	7	6	14	5	10	9	6	8	9	3	10	7	15	16	9	2	14	14	
135_A/wild_bird/Eastern_ 6	5	7	10	12	5	6	9	1	11	1	0	2	4	0	0	2	6	6	0	2	9	5	0	6	9	6	4	6	1	3	2	10	11	23	8	9	7	15	6	25	19	16	4	6	2	10	8	7	5	14	8	6	6	13	6	11	3	10	15	7	3	9	10	
136_A/wild_bird/Eastern_ 6	5	7	10	12	5	6	9	1	11	1	0	2	4	0	0	2	6	6	0	2	9	5	0	6	9	6	4	6	1	3	2	10	11	22	8	9	7	16	6	24	19	17	4	6	2	10	8	7	5	13	8	6	6	14	6	11	3	10	15	7	3	9	10	
137_A/wild_bird/Eastern_ 6	5	7	10	12	5	6	9	1	11	1	0	2	4	0	0	2	6	6	0	2	9	5	0	6	9	6	4	6	1	3	2	10	11	23	8	9	7	15	6	25	19	16	4	6	2	10	8	7	5	13	8	6	6	14	6	11	3	10	15	7	3	9	10	
138_A/wild_duck/Hunan/12 5	3	9	9	8	7	7	10	6	10	1	0	6	1	0	0	0	5	2	0	4	5	8	0	8	9	9	1	6	1	4	0	15	14	22	13	8	11	17	8	10	17	9	14	8	2	10	7	7	5	8	6	3	5	10	4	7	12	16	18	11	0	9	13	
139_A/Bulbul/Taiwan/0115 6	5	7	10	12	5	6	9	2	11	1	0	1	4	0	0	3	6	6	0	1	9	5	0	6	9	6	3	6	1	3	3	10	11	23	8	9	7	14	5	22	19	14	3	7	2	11	9	8	5	14	10	5	6	14	5	13	3	12	13	7	3	8	12	
140_A/Duck/Dongting/D76- 5	3	9	9	8	7	7	10	6	10	1	0	6	1	0	0	0	5	2	0	4	5	8	0	8	9	9	1	6	1	4	0	15	14	22	13	8	11	17	8	10	17	9	14	8	2	10	7	7	5	8	6	3	5	10	4	7	12	16	18	12	0	9	12	
141_A/chicken/Taiwan/011 6	5	7	10	12	5	6	9	2	11	1	0	2	3	0	0	3	6	6	0	1	9	5	0	6	9	6	3	6	1	3	3	10	11	23	9	9	7	14	5	22	19	14	3	7	2	11	9	8	5	14	9	5	6	14	5	13	3	12	13	7	3	8	12	
142_A/chicken/Yuhang/1/2 2	6	12	7	7	3	8	14	3	15	1	0	4	4	0	0	1	6	3	1	4	5	6	1	7	10	7	4	5	2	6	0	10	10	20	8	5	5	20	8	22	22	11	10	7	0	6	9	4	7	10	4	2	5	11	5	10	10	14	16	7	1	8	11	
143_A/chicken/Yuhang/2/2 2	6	12	7	7	3	8	14	3	15	1	0	4	3	0	0	1	6	3	1	4	5	6	1	7	10	7	4	5	3	6	0	10	10	20	8	5	5	20	8	22	22	11	10	7	0	6	9	4	7	10	4	2	5	11	5	10	10	14	16	7	1	8	11	
144_A/duck/Chongqing/S43 6	6	7	9	12	4	6	10	2	11	1	0	2	4	0	0	2	6	6	0	2	9	5	0	6	9	6	4	5	1	3	2	9	11	24	8	10	7	14	6	25	19	14	4	6	2	11	8	6	5	13	9	6	6	13	5	12	3	12	15	7	3	9	10	
145_A/duck/Eastern_China 11	5	8	8	8	8	5	10	3	15	0	0	5	0	1	0	4	3	5	0	1	5	3	0	5	11	9	1	6	2	1	1	14	9	14	12	6	6	11	8	15	15	17	12	10	1	8	6	13	5	12	9	8	7	9	3	11	7	15	17	9	2	13	13	
146_A/duck/Eastern_China 11	5	8	8	8	8	5	10	3	15	0	0	5	0	1	0	4	3	5	0	1	5	3	0	5	11	9	1	6	2	1	1	14	9	13	12	5	7	12	8	16	15	17	12	10	1	8	6	14	5	12	9	8	6	9	3	10	7	15	16	9	2	13	14	
147_A/duck/Guangdong/wy1 11	5	8	8	8	8	5	10	3	15	0	0	5	0	1	0	4	3	5	0	1	6	2	0	5	11	8	1	6	2	2	1	16	7	13	12	5	9	12	8	15	16	16	12	11	0	8	6	11	5	12	8	8	7	9	3	10	7	16	17	9	2	13	14	
148_A/duck/Guangdong/wy1 11	5	8	8	8	8	5	10	3	15	0	0	5	0	1	0	4	3	5	0	1	6	2	0	5	11	8	1	6	2	2	1	15	7	13	12	5	9	12	8	15	16	16	12	11	0	8	6	12	5	12	7	8	7	9	4	10	7	16	17	9	2	13	14	
149_A/duck/Guangdong/wy2 11	5	7	8	8	8	7	9	3	15	0	0	6	0	1	0	4	4	6	0	1	5	2	0	6	10	9	1	5	2	1	1	13	7	14	12	5	9	10	8	15	15	16	12	10	1	8	6	12	6	12	9	8	8	9	5	9	8	15	17	9	2	14	12	
150_A/duck/HuBei/03/2010 11	6	7	11	9	5	7	6	4	17	0	0	4	0	1	0	4	5	7	0	1	3	1	0	3	10	8	2	8	2	2	2	12	7	20	11	6	8	9	7	16	15	12	9	10	2	10	7	11	6	6	10	9	6	12	5	11	8	17	16	9	1	14	13	
151_A/duck/Kaohsiung/15W 6	6	7	9	12	4	6	10	2	11	1	0	1	4	0	0	3	6	6	0	1	9	5	0	6	9	6	4	6	1	3	2	10	11	23	8	9	7	14	6	22	19	15	4	8	2	10	8	7	5	14	9	6	6	14	5	11	4	10	14	7	3	9	12	
152_A/duck/Kaohsiung/20W 5	6	8	9	13	4	5	10	1	11	1	0	4	4	0	0	3	5	6	0	1	10	5	0	5	9	6	4	5	1	3	2	13	10	22	9	7	8	14	5	22	20	15	6	7	1	10	6	7	5	15	9	5	6	14	5	13	3	12	14	7	3	7	12	
153_A/duck/Liaoning/LN/2 12	5	8	7	7	8	5	11	2	15	0	0	6	0	1	0	4	3	5	0	1	5	3	0	6	11	9	1	5	2	1	1	14	9	15	12	5	7	11	9	16	16	17	12	10	0	7	6	14	5	11	9	7	7	9	3	10	7	15	16	9	2	13	14	
154_A/duck/Pingtung/1501 6	5	7	10	12	5	6	9	2	11	1	0	1	4	0	0	3	6	6	0	1	9	5	0	6	9	6	3	6	1	3	3	10	11	23	9	9	7	14	5	22	19	14	3	7	2	11	9	8	5	14	9	5	6	14	5	13	3	12	13	7	3	8	12	
155_A/duck/Tainan/16WB34 6	6	7	9	12	4	6	10	2	11	1	0	1	4	0	0	2	6	6	0	2	9	5	0	6	9	6	4	6	1	3	2	10	11	24	8	9	7	14	6	23	19	15	4	8	2	10	8	7	5	13	9	6	6	14	5	11	3	11	14	7	3	9	11	
156_A/duck/Taipei/18WB01 6	6	7	9	12	4	6	10	2	12	1	0	1	3	0	0	2	6	6	0	2	9	5	0	7	9	6	4	5	1	3	2	10	11	25	8	9	7	13	6	24	19	16	5	7	2	9	7	7	6	13	9	6	5	14	5	11	3	11	13	7	3	9	12	
157_A/duck/Taipei/19WB02 5	6	7	10	13	4	6	9	1	12	1	0	3	3	0	0	3	5	6	0	1	10	5	0	6	9	6	4	5	1	3	2	13	10	22	10	7	8	14	5	22	19	15	6	7	2	10	6	8	4	14	9	4	7	13	7	13	3	12	13	7	3	8	11	
158_A/goose/Guangdong/k0 10	3	8	9	5	10	4	10	4	15	0	0	5	0	1	0	6	3	6	0	3	6	2	1	3	10	9	1	3	2	1	2	15	8	17	12	5	8	10	6	16	16	19	9	11	1	9	5	11	4	11	11	8	7	10	2	12	8	15	17	10	1	12	13	
159_A/goose/Hong_Kong/23 8	4	6	11	10	6	7	8	3	12	1	0	2	2	0	0	4	9	8	0	1	7	2	0	6	10	5	1	4	0	4	0	11	11	21	10	7	7	18	4	25	22	13	10	6	0	10	10	7	4	12	6	8	6	15	4	6	5	10	15	11	1	9	13	
160_A/goose/Taiwan/01038 6	5	7	10	12	5	5	9	2	11	1	0	1	4	0	0	3	6	6	0	1	9	6	0	6	9	6	3	6	1	3	3	10	11	23	9	9	7	14	5	21	20	14	3	7	2	11	9	8	5	14	9	5	6	14	5	13	3	12	13	7	3	8	12	
161_A/heron/Kaohsiung/15 6	6	7	9	12	4	6	10	2	11	1	0	1	4	0	0	3	6	6	0	1	9	5	0	7	9	6	4	5	1	3	2	10	10	23	8	9	8	14	6	23	19	14	4	7	2	11	8	7	5	14	9	6	6	14	5	12	3	11	13	7	3	9	12	
162_A/quail/Jiangsu/k010 12	5	8	7	7	8	5	11	3	15	0	0	5	0	1	0	4	4	5	0	1	5	3	0	5	11	9	1	5	2	1	1	14	8	15	11	5	7	12	9	17	16	17	12	10	0	7	6	14	5	10	9	6	8	9	3	10	7	15	16	9	2	14	14	
163_A/wild_bird/Eastern_ 6	5	7	10	12	5	6	9	1	11	1	0	2	4	0	0	2	6	6	0	2	9	5	0	6	9	6	4	6	1	3	2	10	11	23	8	9	7	15	6	25	19	16	4	6	2	10	8	7	5	14	8	6	6	13	6	11	3	10	15	7	3	9	10	
164_A/wild_bird/Eastern_ 6	5	7	10	12	5	6	9	1	11	1	0	2	4	0	0	2	6	6	0	2	9	5	0	6	9	6	4	6	1	3	2	10	11	22	8	9	7	16	6	24	19	17	4	6	2	10	8	7	5	13	8	6	6	14	6	11	3	10	15	7	3	9	10	
165_A/wild_bird/Eastern_ 6	5	7	10	12	5	6	9	1	11	1	0	2	4	0	0	2	6	6	0	2	9	5	0	6	9	6	4	6	1	3	2	10	11	23	8	9	7	15	6	25	19	16	4	6	2	10	8	7	5	13	8	6	6	14	6	11	3	10	15	7	3	9	10	
166_A/Anser_albifrons/Hu 5	11	9	2	13	6	5	4	0	6	1	0	2	1	0	0	5	5	4	1	11	3	2	3	3	5	11	4	11	3	11	5	9	12	15	11	15	6	11	6	8	8	8	29	24	2	7	13	6	11	8	4	4	4	14	4	2	19	26	23	11	5	11	11	
167_A/chicken/Jiangxi/04 7	10	8	2	11	7	5	4	0	6	0	1	2	1	0	0	6	6	4	2	9	3	2	1	4	5	11	4	11	2	11	4	11	11	16	8	8	6	13	6	10	8	8	33	24	2	6	12	6	11	8	5	4	1	13	3	4	25	22	20	9	3	15	13	
168_A/chicken/Taiwan/011 5	12	9	1	13	6	5	5	0	5	1	0	1	1	0	0	7	5	4	2	9	3	2	2	5	5	11	6	11	3	11	3	10	13	15	11	14	5	11	6	7	8	9	27	24	2	6	15	5	10	9	4	5	5	13	4	3	20	24	21	10	4	13	13	
169_A/chicken/Taiwan/a17 5	12	9	1	13	6	5	5	0	5	1	0	1	1	0	0	7	5	4	2	9	3	2	2	5	5	11	6	11	3	11	3	10	13	15	11	14	5	11	6	7	8	9	26	24	2	6	16	5	10	9	4	5	5	13	4	3	20	24	21	10	4	13	13	
170_A/chicken/Yuhang/1/2 6	11	8	1	12	6	5	5	1	5	1	0	2	2	0	0	5	5	2	2	11	4	5	2	1	6	9	5	12	1	13	4	11	8	15	9	9	8	13	5	8	10	9	29	23	2	6	13	5	10	6	4	4	4	15	5	4	20	21	18	12	5	16	14	
171_A/chicken/Yuhang/2/2 6	11	8	1	12	6	5	5	1	5	1	0	2	2	0	0	5	5	2	2	11	4	5	2	1	6	9	5	12	1	13	4	11	8	15	9	9	8	13	5	8	10	9	29	23	2	6	13	5	10	6	4	4	4	15	5	4	20	21	18	12	5	16	14	
172_A/duck/Chongqing/S43 4	12	9	1	14	6	5	5	0	5	1	0	1	1	0	0	6	5	4	2	10	3	2	2	4	6	12	4	11	2	10	5	10	13	17	9	12	5	10	6	7	8	8	27	24	2	8	14	6	9	8	4	4	5	11	4	3	19	26	23	10	6	12	11	
173_A/Duck/Dongting/D76- 5	10	9	1	13	6	5	5	0	7	1	0	1	1	0	0	5	5	5	2	11	3	1	2	4	6	11	2	11	2	11	6	10	12	16	10	12	6	10	5	7	8	11	28	25	2	5	14	5	10	7	4	5	5	14	4	3	19	25	22	9	5	12	12	
174_A/duck/Eastern_China 8	9	8	1	10	8	6	5	2	6	0	1	2	1	0	0	4	4	5	3	11	4	1	1	1	6	14	4	13	2	8	4	9	9	14	9	16	6	14	6	7	11	9	27	24	2	6	16	4	8	8	5	4	5	14	3	7	21	28	21	7	5	9	13	
175_A/duck/Eastern_China 8	8	9	1	10	9	5	5	2	6	1	0	2	1	0	0	4	5	5	3	11	3	1	1	1	6	14	4	13	2	8	4	9	9	13	9	16	6	15	6	7	11	9	27	24	2	6	16	4	8	8	5	4	5	14	3	7	20	28	22	7	6	9	12	
176_A/duck/Guangdong/wy1 8	9	9	1	10	8	5	5	2	6	1	0	2	1	0	0	4	5	5	3	11	3	1	1	1	6	14	4	13	2	8	4	9	9	14	9	15	6	14	6	7	11	9	27	24	2	6	16	4	8	8	5	5	5	14	3	7	21	28	22	7	5	9	12	
177_A/duck/Guangdong/wy1 8	9	9	1	10	8	5	5	2	6	1	0	2	1	0	0	4	5	5	3	11	3	1	1	1	6	14	4	13	2	8	4	8	9	14	9	16	6	14	6	7	11	9	28	24	2	6	15	4	8	8	5	5	5	14	3	7	21	28	22	7	5	9	12	
178_A/duck/Guangdong/wy2 8	8	9	1	10	9	5	5	3	6	1	0	1	1	0	0	4	5	5	3	11	3	1	1	1	7	14	4	13	1	8	4	8	9	15	9	15	6	13	6	7	11	9	28	25	2	6	15	5	8	8	4	5	5	14	4	7	22	28	23	6	4	9	11	
179_A/duck/Kaohsiung/15W 5	12	9	1	14	6	5	5	0	5	1	0	1	1	0	0	7	5	4	2	9	3	2	2	5	5	11	5	11	3	11	4	10	13	14	11	12	5	12	6	8	8	9	26	23	2	6	16	5	10	8	4	5	5	14	3	3	20	24	22	11	4	13	13	
180_A/duck/Kaohsiung/20W 4	12	8	1	14	6	6	5	0	4	1	0	2	2	0	0	5	4	4	2	10	4	2	2	6	6	10	4	10	2	12	5	8	12	16	10	16	6	11	6	7	8	9	31	23	2	6	11	5	11	4	4	5	4	18	4	3	19	26	22	11	5	11	12	
181_A/duck/Liaoning/LN/2 8	9	9	1	10	7	5	5	2	7	1	0	2	1	0	0	3	5	4	3	12	4	1	1	1	6	14	5	12	2	8	3	9	8	12	8	13	7	16	6	8	11	12	27	22	2	5	15	4	10	9	5	4	4	11	3	7	19	26	22	9	6	10	12	
182_A/duck/Pingtung/1501 5	12	9	1	13	6	5	5	0	5	1	0	1	1	0	0	7	5	4	2	9	3	2	2	5	5	11	6	11	3	11	3	10	13	15	11	13	5	12	5	8	8	9	27	24	2	6	15	5	10	9	4	5	5	13	4	3	20	24	21	10	4	13	13	
183_A/duck/Tainan/16WB34 5	12	9	1	13	6	4	5	0	5	1	0	1	1	0	0	5	5	5	2	11	3	2	2	4	6	11	4	12	2	11	5	10	12	16	11	13	6	11	5	8	8	8	28	24	2	7	14	6	10	8	4	4	5	13	4	2	19	26	23	10	6	12	11	
184_A/duck/Taipei/18WB01 5	12	9	1	13	6	5	5	0	4	1	0	2	2	0	0	4	5	4	2	12	3	2	3	5	5	14	4	10	3	8	4	10	12	17	10	14	6	10	6	7	8	9	27	23	2	6	15	5	10	7	4	5	5	15	4	4	21	23	22	10	3	14	12	
185_A/duck/Taipei/19WB02 4	12	9	2	14	6	5	4	0	4	1	0	2	2	0	0	5	4	4	2	10	4	2	2	5	6	10	4	11	2	12	5	10	12	16	11	14	6	11	5	7	8	9	30	23	2	6	12	5	11	6	4	5	4	16	4	3	19	25	21	11	5	12	13	
186_A/goose/Guangdong/k0 8	9	9	1	10	8	5	5	2	6	1	0	2	1	0	0	5	6	5	3	10	3	1	1	1	5	14	4	12	2	8	4	8	8	14	8	14	7	13	6	8	11	9	27	23	2	6	16	5	8	8	6	4	5	13	3	7	21	28	23	7	5	9	10	
187_A/goose/Taiwan/01038 5	11	9	1	13	6	5	5	0	5	1	0	1	1	0	0	7	6	4	2	9	3	2	2	5	5	11	6	11	3	11	3	10	13	15	11	14	5	11	6	7	8	9	27	24	2	6	15	5	10	9	4	5	5	13	4	3	20	24	21	10	4	13	13	
188_A/heron/Kaohsiung/15 5	11	9	1	13	5	5	5	0	7	1	0	1	1	0	0	5	5	4	2	11	3	2	2	4	5	11	3	12	3	11	6	10	12	18	9	14	6	10	6	7	8	9	32	23	3	6	10	6	9	7	3	4	6	15	5	3	19	26	21	10	5	11	13	
189_A/quail/Jiangsu/k010 11	6	9	1	9	8	5	5	2	7	1	0	2	1	0	0	4	5	5	3	11	3	1	1	1	6	14	5	13	2	8	3	9	9	13	9	16	7	16	6	7	11	10	27	24	2	6	15	5	8	9	5	3	4	12	3	7	20	26	23	7	6	11	11	
190_A/wild_bird/Eastern_ 6	9	9	1	12	9	5	5	0	4	1	0	1	2	0	0	5	5	4	2	11	3	2	2	5	5	11	4	10	3	11	5	9	10	17	9	12	8	9	6	7	8	9	28	24	2	6	14	7	10	7	3	4	5	14	5	5	18	24	23	8	6	13	11	
191_A/wild_bird/Eastern_ 6	10	9	1	12	8	5	5	0	4	1	0	1	2	0	0	5	5	4	2	11	4	2	2	5	5	11	4	10	2	11	5	9	11	17	9	12	7	9	6	7	8	9	28	24	2	7	13	7	10	7	3	4	5	14	5	5	18	24	23	8	6	13	11	
192_A/wild_bird/Eastern_ 6	10	9	1	12	8	5	5	0	4	1	0	1	2	0	0	5	5	4	2	11	3	2	2	5	5	11	4	10	3	11	5	9	11	17	9	12	7	9	6	7	8	9	28	24	2	6	14	7	10	7	3	4	5	14	5	5	18	24	23	8	6	13	11	
193_A/wild_duck/Hunan/12 5	10	9	1	13	6	5	5	0	7	1	0	1	1	0	0	5	5	5	2	11	3	1	2	4	6	11	2	11	2	11	6	10	12	16	10	12	6	10	5	7	8	11	28	25	2	5	14	5	10	7	4	5	5	14	4	3	19	25	22	9	5	12	12	
194_A/Bulbul/Taiwan/0115 5	12	9	1	13	6	5	5	0	5	1	0	1	1	0	0	7	5	4	2	9	3	2	2	5	5	11	6	11	3	11	3	10	13	15	11	14	5	11	6	7	8	9	27	24	2	6	15	5	10	9	4	5	5	13	4	3	20	24	21	10	4	13	13	
195_A/Duck/Dongting/D76- 5	10	9	1	13	6	5	5	0	7	1	0	1	1	0	0	5	5	5	2	11	3	1	2	4	6	11	2	11	2	11	6	10	12	16	10	12	6	10	5	7	8	11	28	25	2	5	14	5	10	7	4	5	5	14	4	3	19	25	22	9	5	12	12	
196_A/chicken/Taiwan/011 5	12	9	1	13	6	5	5	0	5	1	0	1	1	0	0	7	5	4	2	9	3	2	2	5	5	11	6	11	3	11	3	10	13	15	11	14	5	11	6	7	8	9	27	24	2	6	15	5	10	9	4	5	5	13	4	3	20	24	21	10	4	13	13	
197_A/chicken/Yuhang/1/2 6	11	8	1	12	6	5	5	1	5	1	0	2	2	0	0	5	5	2	2	11	4	5	2	1	6	9	5	12	1	13	4	11	8	15	9	9	8	13	5	8	10	9	29	23	2	6	13	5	10	6	4	4	4	15	5	4	20	21	18	12	5	16	14	
198_A/chicken/Yuhang/2/2 6	11	8	1	12	6	5	5	1	5	1	0	2	2	0	0	5	5	2	2	11	4	5	2	1	6	9	5	12	1	13	4	11	8	15	9	9	8	13	5	8	10	9	29	23	2	6	13	5	10	6	4	4	4	15	5	4	20	21	18	12	5	16	14	
199_A/duck/Chongqing/S43 4	12	9	1	14	6	5	5	0	5	1	0	1	1	0	0	6	5	4	2	10	3	2	2	4	6	12	4	11	2	10	5	10	13	17	9	12	5	10	6	7	8	8	27	24	2	8	14	6	9	8	4	4	5	11	4	3	19	26	23	10	6	12	11	
200_A/duck/Eastern_China 8	9	8	1	10	8	6	5	2	6	0	1	2	1	0	0	4	4	5	3	11	4	1	1	1	6	14	4	13	2	8	4	9	9	14	9	16	6	14	6	7	11	9	27	24	2	6	16	4	8	8	5	4	5	14	3	7	21	28	21	7	5	9	13	
201_A/duck/Eastern_China 8	8	9	1	10	9	5	5	2	6	1	0	2	1	0	0	4	5	5	3	11	3	1	1	1	6	14	4	13	2	8	4	9	9	13	9	16	6	15	6	7	11	9	27	24	2	6	16	4	8	8	5	4	5	14	3	7	20	28	22	7	6	9	12	
202_A/duck/Guangdong/wy1 8	9	9	1	10	8	5	5	2	6	1	0	2	1	0	0	4	5	5	3	11	3	1	1	1	6	14	4	13	2	8	4	9	9	14	9	15	6	14	6	7	11	9	27	24	2	6	16	4	8	8	5	5	5	14	3	7	21	28	22	7	5	9	12	
203_A/duck/Guangdong/wy1 8	9	9	1	10	8	5	5	2	6	1	0	2	1	0	0	4	5	5	3	11	3	1	1	1	6	14	4	13	2	8	4	8	9	14	9	16	6	14	6	7	11	9	28	24	2	6	15	4	8	8	5	5	5	14	3	7	21	28	22	7	5	9	12	
204_A/duck/Guangdong/wy2 8	8	9	1	10	9	5	5	3	6	1	0	1	1	0	0	4	5	5	3	11	3	1	1	1	7	14	4	13	1	8	4	8	9	15	9	15	6	13	6	7	11	9	28	25	2	6	15	5	8	8	4	5	5	14	4	7	22	28	23	6	4	9	11	
205_A/duck/HuBei/03/2010 7	12	9	0	11	5	6	6	1	5	1	0	2	2	0	0	6	5	4	3	10	3	2	1	2	6	9	3	11	2	13	5	11	10	16	9	10	6	12	5	8	8	10	30	23	4	5	13	6	9	6	4	3	5	14	4	5	20	19	22	10	5	18	11	
206_A/duck/Kaohsiung/15W 5	12	9	1	14	6	5	5	0	5	1	0	1	1	0	0	7	5	4	2	9	3	2	2	5	5	11	5	11	3	11	4	10	13	14	11	12	5	12	6	8	8	9	26	23	2	6	16	5	10	8	4	5	5	14	3	3	20	24	22	11	4	13	13	
207_A/duck/Kaohsiung/20W 4	12	8	1	14	6	6	5	0	4	1	0	2	2	0	0	5	4	4	2	10	4	2	2	6	6	10	4	10	2	12	5	8	12	16	10	16	6	11	6	7	8	9	31	23	2	6	11	5	11	4	4	5	4	18	4	3	19	26	22	11	5	11	12	
208_A/duck/Liaoning/LN/2 8	9	9	1	10	7	5	5	2	7	1	0	2	1	0	0	3	5	4	3	12	4	1	1	1	6	14	5	12	2	8	3	9	8	12	8	13	7	16	6	8	11	12	27	22	2	5	15	4	10	9	5	4	4	11	3	7	19	26	22	9	6	10	12	
209_A/duck/Pingtung/1501 5	12	9	1	13	6	5	5	0	5	1	0	1	1	0	0	7	5	4	2	9	3	2	2	5	5	11	6	11	3	11	3	10	13	15	11	13	5	12	5	8	8	9	27	24	2	6	15	5	10	9	4	5	5	13	4	3	20	24	21	10	4	13	13	
210_A/duck/Tainan/16WB34 5	12	9	1	13	6	4	5	0	5	1	0	1	1	0	0	5	5	5	2	11	3	2	2	4	6	11	4	12	2	11	5	10	12	16	11	13	6	11	5	8	8	8	28	24	2	7	14	6	10	8	4	4	5	13	4	2	19	26	23	10	6	12	11	
211_A/duck/Taipei/18WB01 5	12	9	1	13	6	5	5	0	4	1	0	2	2	0	0	4	5	4	2	12	3	2	3	5	5	14	4	10	3	8	4	10	12	17	10	14	6	10	6	7	8	9	27	23	2	6	15	5	10	7	4	5	5	15	4	4	21	23	22	10	3	14	12	
212_A/duck/Taipei/19WB02 4	12	9	2	14	6	5	4	0	4	1	0	2	2	0	0	5	4	4	2	10	4	2	2	5	6	10	4	11	2	12	5	10	12	16	11	14	6	11	5	7	8	9	30	23	2	6	12	5	11	6	4	5	4	16	4	3	19	25	21	11	5	12	13	
213_A/goose/Guangdong/k0 8	9	9	1	10	8	5	5	2	6	1	0	2	1	0	0	5	6	5	3	10	3	1	1	1	5	14	4	12	2	8	4	8	8	14	8	14	7	13	6	8	11	9	27	23	2	6	16	5	8	8	6	4	5	13	3	7	21	28	23	7	5	9	10	
214_A/goose/Hong_Kong/23 6	13	8	2	12	5	6	4	0	5	1	0	2	1	0	0	6	6	4	2	9	2	3	2	1	6	11	3	15	2	11	6	9	12	14	8	15	5	11	8	7	9	7	31	24	2	8	11	4	10	7	4	4	4	16	3	5	21	24	23	10	4	13	12	
215_A/goose/Taiwan/01038 5	11	9	1	13	6	5	5	0	5	1	0	1	1	0	0	7	6	4	2	9	3	2	2	5	5	11	6	11	3	11	3	10	13	15	11	14	5	11	6	7	8	9	27	24	2	6	15	5	10	9	4	5	5	13	4	3	20	24	21	10	4	13	13	
216_A/heron/Kaohsiung/15 5	11	9	1	13	5	5	5	0	7	1	0	1	1	0	0	5	5	4	2	11	3	2	2	4	5	11	3	12	3	11	6	10	12	18	9	14	6	10	6	7	8	9	32	23	3	6	10	6	9	7	3	4	6	15	5	3	19	26	21	10	5	11	13	
217_A/quail/Jiangsu/k010 11	6	9	1	9	8	5	5	2	7	1	0	2	1	0	0	4	5	5	3	11	3	1	1	1	6	14	5	13	2	8	3	9	9	13	9	16	7	16	6	7	11	10	27	24	2	6	15	5	8	9	5	3	4	12	3	7	20	26	23	7	6	11	11	
218_A/wild_bird/Eastern_ 6	9	9	1	12	9	5	5	0	4	1	0	1	2	0	0	5	5	4	2	11	3	2	2	5	5	11	4	10	3	11	5	9	10	17	9	12	8	9	6	7	8	9	28	24	2	6	14	7	10	7	3	4	5	14	5	5	18	24	23	8	6	13	11	
219_A/wild_bird/Eastern_ 6	10	9	1	12	8	5	5	0	4	1	0	1	2	0	0	5	5	4	2	11	4	2	2	5	5	11	4	10	2	11	5	9	11	17	9	12	7	9	6	7	8	9	28	24	2	7	13	7	10	7	3	4	5	14	5	5	18	24	23	8	6	13	11	
220_A/wild_bird/Eastern_ 6	10	9	1	12	8	5	5	0	4	1	0	1	2	0	0	5	5	4	2	11	3	2	2	5	5	11	4	10	3	11	5	9	11	17	9	12	7	9	6	7	8	9	28	24	2	6	14	7	10	7	3	4	5	14	5	5	18	24	23	8	6	13	11	
221_A/Anser_albifrons/Hu 3	4	2	2	3	3	2	0	2	3	0	1	0	1	0	0	5	5	1	1	5	3	1	1	5	3	3	4	3	0	4	1	5	1	5	3	7	2	3	3	8	5	8	9	12	1	6	2	4	7	13	2	3	2	5	2	3	5	7	7	2	2	9	3	
222_A/chicken/Jiangxi/04 6	3	1	1	4	3	0	1	1	5	0	0	4	0	1	0	7	2	3	1	3	1	0	3	5	7	2	4	3	0	4	2	5	8	4	1	4	1	2	5	5	4	8	8	6	1	4	0	1	4	8	2	4	2	10	1	2	7	11	6	6	0	5	2	
223_A/chicken/Taiwan/011 4	5	0	0	5	2	1	2	2	7	0	1	0	0	0	0	9	3	2	1	4	1	0	3	4	3	2	4	5	1	6	4	7	9	5	2	5	2	2	3	4	4	11	8	10	0	4	0	2	4	9	3	4	1	9	1	3	7	12	7	4	2	5	4	
224_A/chicken/Taiwan/a17 4	5	0	0	5	2	1	2	2	7	0	1	0	0	0	0	9	3	2	1	4	1	0	3	4	3	2	4	5	1	6	4	7	9	5	2	5	2	2	3	4	4	11	8	10	0	4	0	2	4	9	3	4	1	9	1	3	7	12	7	4	2	5	4	
225_A/chicken/Yuhang/1/2 4	3	0	0	5	3	1	2	2	4	0	1	1	0	0	0	11	2	2	1	3	1	0	3	4	6	1	2	3	1	6	5	3	7	3	4	4	2	4	3	5	4	10	7	10	0	2	2	5	3	9	3	5	1	6	2	1	6	13	6	5	2	6	2	
226_A/chicken/Yuhang/2/2 4	3	0	0	5	3	1	2	2	4	0	1	1	0	0	0	11	2	2	1	3	1	0	3	4	6	1	2	3	1	6	5	3	7	3	4	4	2	4	3	5	4	10	7	10	0	2	2	5	3	9	3	5	1	6	2	1	6	13	6	5	2	6	2	
227_A/duck/Chongqing/S43 3	3	2	2	3	3	2	0	1	3	0	1	1	1	0	0	3	5	1	1	7	4	1	1	5	3	3	4	3	0	4	1	6	2	5	3	7	1	3	3	9	5	8	8	12	2	6	3	4	7	12	2	2	2	6	2	1	4	8	7	3	2	8	3	
228_A/Duck/Dongting/D76- 4	5	0	0	5	1	1	2	1	6	0	1	1	0	0	0	11	3	2	1	3	1	0	3	4	4	1	3	4	2	7	4	6	8	3	2	5	1	4	3	4	4	8	8	9	0	4	1	2	5	9	3	4	1	8	1	1	7	11	7	6	2	8	2	
229_A/duck/Eastern_China 4	2	0	0	4	2	2	2	2	4	0	1	1	0	0	0	10	3	2	1	4	1	0	3	3	6	2	2	5	1	7	4	5	6	3	2	6	2	5	1	4	4	8	7	9	0	4	1	2	4	10	4	4	1	7	3	1	7	9	7	5	2	9	1	
230_A/duck/Eastern_China 4	2	0	0	4	2	2	2	2	4	0	1	1	0	0	0	11	3	2	1	4	1	0	3	3	6	2	2	4	1	7	4	5	6	3	2	6	2	5	2	4	4	8	7	9	0	4	1	2	4	10	4	4	1	7	2	1	7	9	7	5	2	9	1	
231_A/duck/Guangdong/wy1 4	2	0	0	4	2	2	2	2	4	0	1	1	0	0	0	11	3	2	1	4	1	0	3	3	6	1	2	4	1	7	4	5	7	3	2	7	2	5	2	3	5	9	7	9	0	4	1	2	3	11	4	3	1	6	2	1	7	9	7	5	2	9	1	
232_A/duck/Guangdong/wy1 4	2	0	0	4	2	2	2	2	4	0	1	1	0	0	0	11	3	2	1	4	1	0	3	3	6	1	2	4	1	7	4	5	7	3	2	7	2	5	2	3	5	9	7	9	0	4	1	2	3	10	4	3	1	7	2	1	7	9	7	5	2	9	1	
233_A/duck/Guangdong/wy2 4	2	0	0	4	2	2	2	2	4	0	1	1	0	0	0	11	3	2	1	4	1	0	3	3	6	1	2	4	1	8	2	5	7	4	2	7	3	4	2	4	4	9	7	10	0	4	2	2	3	9	4	3	1	7	2	1	7	9	7	4	2	9	1	
234_A/duck/Kaohsiung/15W 4	3	0	1	5	3	1	1	1	6	0	1	1	0	0	0	9	3	2	0	4	1	0	3	4	5	1	4	5	1	7	4	5	8	3	2	5	1	4	3	4	4	9	8	9	0	3	1	3	5	9	3	4	1	8	1	1	8	13	7	6	1	6	2	
235_A/duck/Kaohsiung/20W 3	4	1	0	6	2	0	2	1	6	0	1	1	0	0	0	8	3	2	1	4	1	0	3	4	4	1	3	6	2	7	4	5	7	3	2	6	1	4	3	3	6	9	7	9	0	3	2	2	5	10	3	4	1	7	1	1	7	12	7	6	2	7	2	
236_A/duck/Liaoning/LN/2 4	2	0	0	4	2	2	2	3	3	0	1	1	0	0	0	10	3	2	1	4	1	0	3	3	6	2	2	4	1	7	4	6	4	4	2	6	3	5	2	4	4	8	7	9	0	5	1	2	4	10	4	4	1	7	2	1	7	8	7	5	2	9	1	
237_A/duck/Pingtung/1501 4	5	0	0	5	2	1	2	2	7	0	1	0	0	0	0	9	3	2	1	4	1	0	3	4	3	2	4	5	1	6	4	7	9	5	2	5	2	2	3	4	4	11	8	10	0	4	0	2	4	9	3	4	1	9	1	3	7	12	7	4	2	5	4	
238_A/duck/Tainan/16WB34 4	4	0	0	6	1	1	2	1	6	0	1	1	0	0	0	10	4	2	1	4	0	0	3	4	5	1	3	4	1	7	3	6	8	3	2	5	1	4	3	4	4	10	7	9	0	3	2	2	5	8	3	4	1	10	1	1	7	10	7	6	2	8	2	
239_A/duck/Taipei/18WB01 4	4	0	0	5	2	1	2	0	6	0	1	1	0	0	0	9	4	2	1	4	0	0	3	5	5	1	3	4	1	7	3	7	9	3	2	5	1	4	3	4	4	9	7	9	0	3	3	2	4	7	3	4	1	10	1	2	7	11	7	5	2	8	2	
240_A/duck/Taipei/19WB02 3	4	2	2	3	3	2	0	2	3	0	1	1	1	0	0	4	5	1	1	6	3	1	1	5	3	3	4	2	0	4	1	7	2	5	2	6	1	3	4	9	6	7	7	12	1	7	4	3	5	13	2	3	4	5	2	1	4	8	8	3	2	8	2	
241_A/goose/Guangdong/k0 4	2	0	0	4	2	2	3	1	4	0	1	2	0	0	0	11	3	2	1	4	1	0	2	3	6	2	2	4	1	7	4	5	6	3	2	6	2	5	2	4	4	8	7	9	0	4	1	2	4	10	4	4	1	7	2	1	6	9	7	5	3	9	1	
242_A/goose/Taiwan/01038 4	5	0	0	5	2	1	2	2	7	0	1	0	0	0	0	9	3	2	1	4	1	0	3	4	3	2	4	5	1	6	4	7	8	5	2	5	3	2	3	4	4	11	8	10	0	4	0	2	4	9	3	4	1	9	1	3	7	12	7	4	2	4	5	
243_A/heron/Kaohsiung/15 4	4	0	0	5	2	1	2	1	6	0	1	1	0	0	0	10	3	2	0	3	1	0	3	4	5	1	5	5	1	7	3	7	8	3	2	4	1	4	3	4	4	10	9	9	0	2	0	2	5	9	3	4	1	8	1	1	7	13	7	6	2	6	2	
244_A/quail/Jiangsu/k010 4	2	0	0	4	2	2	2	3	3	0	1	1	0	0	0	10	3	2	1	4	1	0	3	3	6	2	3	4	1	7	3	6	5	3	2	6	3	5	2	4	4	8	7	9	0	5	1	2	4	10	4	4	1	7	2	1	7	8	7	5	2	8	2	
245_A/wild_bird/Eastern_ 4	4	0	0	5	2	1	2	1	6	0	1	1	0	0	0	10	3	2	1	3	1	0	3	5	4	1	4	4	2	7	3	6	8	3	2	5	1	4	3	4	4	9	7	9	0	3	2	2	5	9	3	4	1	7	1	1	7	9	7	6	2	11	2	
246_A/wild_bird/Eastern_ 4	5	0	0	5	1	1	2	1	6	0	1	1	0	0	0	10	3	2	1	3	1	0	3	5	4	1	4	4	2	7	3	6	8	3	2	5	1	4	3	4	4	9	7	9	0	3	2	2	5	9	3	4	1	7	1	1	7	9	7	6	2	11	2	
247_A/wild_bird/Eastern_ 4	4	0	0	5	2	1	2	1	6	0	1	1	0	0	0	10	3	2	1	3	1	0	3	5	4	1	4	4	2	7	3	6	8	3	2	5	1	4	3	4	4	9	7	9	0	3	2	2	5	9	3	4	1	7	1	1	7	9	7	6	2	11	2	
248_A/wild_duck/Hunan/12 4	5	0	0	5	1	1	2	1	6	0	1	1	0	0	0	11	3	2	1	3	1	0	3	4	4	1	3	4	2	7	4	6	8	3	2	5	1	4	3	4	4	8	8	9	0	4	1	2	5	9	3	4	1	8	1	1	7	11	7	6	2	8	2	
249_A/Bulbul/Taiwan/0115 4	5	0	0	5	2	1	2	2	7	0	1	0	0	0	0	9	3	2	1	4	1	0	3	4	3	2	4	5	1	6	4	7	9	5	2	5	2	2	3	4	4	11	8	10	0	4	0	2	4	9	3	4	1	9	1	3	7	12	7	4	2	5	4	
250_A/Duck/Dongting/D76- 4	5	0	0	5	1	1	2	1	6	0	1	1	0	0	0	11	3	2	1	3	1	0	3	4	4	1	3	4	2	7	4	6	8	3	2	5	1	4	3	4	4	8	8	9	0	4	1	2	5	9	3	4	1	8	1	1	7	11	7	6	2	8	2	
251_A/chicken/Taiwan/011 4	5	0	0	5	2	1	2	2	7	0	1	0	0	0	0	9	3	2	1	4	1	0	3	4	3	2	4	5	1	6	4	7	9	5	2	5	2	2	3	4	4	11	8	10	0	4	0	2	4	9	3	4	1	9	1	3	7	12	7	4	2	5	4	
252_A/chicken/Yuhang/1/2 4	3	0	0	5	3	1	2	2	4	0	1	1	0	0	0	11	2	2	1	3	1	0	3	4	6	1	2	3	1	6	5	3	7	3	4	4	2	4	3	5	4	10	7	10	0	2	2	5	3	9	3	5	1	6	2	1	6	13	6	5	2	6	2	
253_A/chicken/Yuhang/2/2 4	3	0	0	5	3	1	2	2	4	0	1	1	0	0	0	11	2	2	1	3	1	0	3	4	6	1	2	3	1	6	5	3	7	3	4	4	2	4	3	5	4	10	7	10	0	2	2	5	3	9	3	5	1	6	2	1	6	13	6	5	2	6	2	
254_A/duck/Chongqing/S43 3	3	2	2	3	3	2	0	1	3	0	1	1	1	0	0	3	5	1	1	7	4	1	1	5	3	3	4	3	0	4	1	6	2	5	3	7	1	3	3	9	5	8	8	12	2	6	3	4	7	12	2	2	2	6	2	1	4	8	7	3	2	8	3	
255_A/duck/Eastern_China 4	2	0	0	4	2	2	2	2	4	0	1	1	0	0	0	10	3	2	1	4	1	0	3	3	6	2	2	5	1	7	4	5	6	3	2	6	2	5	1	4	4	8	7	9	0	4	1	2	4	10	4	4	1	7	3	1	7	9	7	5	2	9	1	
256_A/duck/Eastern_China 4	2	0	0	4	2	2	2	2	4	0	1	1	0	0	0	11	3	2	1	4	1	0	3	3	6	2	2	4	1	7	4	5	6	3	2	6	2	5	2	4	4	8	7	9	0	4	1	2	4	10	4	4	1	7	2	1	7	9	7	5	2	9	1	
257_A/duck/Guangdong/wy1 4	2	0	0	4	2	2	2	2	4	0	1	1	0	0	0	11	3	2	1	4	1	0	3	3	6	1	2	4	1	7	4	5	7	3	2	7	2	5	2	3	5	9	7	9	0	4	1	2	3	11	4	3	1	6	2	1	7	9	7	5	2	9	1	
258_A/duck/Guangdong/wy1 4	2	0	0	4	2	2	2	2	4	0	1	1	0	0	0	11	3	2	1	4	1	0	3	3	6	1	2	4	1	7	4	5	7	3	2	7	2	5	2	3	5	9	7	9	0	4	1	2	3	10	4	3	1	7	2	1	7	9	7	5	2	9	1	
259_A/duck/Guangdong/wy2 4	2	0	0	4	2	2	2	2	4	0	1	1	0	0	0	11	3	2	1	4	1	0	3	3	6	1	2	4	1	8	2	5	7	4	2	7	3	4	2	4	4	9	7	10	0	4	2	2	3	9	4	3	1	7	2	1	7	9	7	4	2	9	1	
260_A/duck/HuBei/03/2010 4	3	0	0	4	3	2	2	2	5	0	1	1	0	0	0	11	1	2	1	3	2	0	3	3	5	1	2	4	1	7	5	4	7	3	2	7	3	4	2	4	4	8	7	9	0	4	1	2	3	9	4	4	1	8	2	1	7	11	7	5	2	8	1	
261_A/duck/Kaohsiung/15W 4	3	0	1	5	3	1	1	1	6	0	1	1	0	0	0	9	3	2	0	4	1	0	3	4	5	1	4	5	1	7	4	5	8	3	2	5	1	4	3	4	4	9	8	9	0	3	1	3	5	9	3	4	1	8	1	1	8	13	7	6	1	6	2	
262_A/duck/Kaohsiung/20W 3	4	1	0	6	2	0	2	1	6	0	1	1	0	0	0	8	3	2	1	4	1	0	3	4	4	1	3	6	2	7	4	5	7	3	2	6	1	4	3	3	6	9	7	9	0	3	2	2	5	10	3	4	1	7	1	1	7	12	7	6	2	7	2	
263_A/duck/Liaoning/LN/2 4	2	0	0	4	2	2	2	3	3	0	1	1	0	0	0	10	3	2	1	4	1	0	3	3	6	2	2	4	1	7	4	6	4	4	2	6	3	5	2	4	4	8	7	9	0	5	1	2	4	10	4	4	1	7	2	1	7	8	7	5	2	9	1	
264_A/duck/Pingtung/1501 4	5	0	0	5	2	1	2	2	7	0	1	0	0	0	0	9	3	2	1	4	1	0	3	4	3	2	4	5	1	6	4	7	9	5	2	5	2	2	3	4	4	11	8	10	0	4	0	2	4	9	3	4	1	9	1	3	7	12	7	4	2	5	4	
265_A/duck/Tainan/16WB34 4	4	0	0	6	1	1	2	1	6	0	1	1	0	0	0	10	4	2	1	4	0	0	3	4	5	1	3	4	1	7	3	6	8	3	2	5	1	4	3	4	4	10	7	9	0	3	2	2	5	8	3	4	1	10	1	1	7	10	7	6	2	8	2	
266_A/duck/Taipei/18WB01 4	4	0	0	5	2	1	2	0	6	0	1	1	0	0	0	9	4	2	1	4	0	0	3	5	5	1	3	4	1	7	3	7	9	3	2	5	1	4	3	4	4	9	7	9	0	3	3	2	4	7	3	4	1	10	1	2	7	11	7	5	2	8	2	
267_A/duck/Taipei/19WB02 3	4	2	2	3	3	2	0	2	3	0	1	1	1	0	0	4	5	1	1	6	3	1	1	5	3	3	4	2	0	4	1	7	2	5	2	6	1	3	4	9	6	7	7	12	1	7	4	3	5	13	2	3	4	5	2	1	4	8	8	3	2	8	2	
268_A/goose/Guangdong/k0 4	2	0	0	4	2	2	3	1	4	0	1	2	0	0	0	11	3	2	1	4	1	0	2	3	6	2	2	4	1	7	4	5	6	3	2	6	2	5	2	4	4	8	7	9	0	4	1	2	4	10	4	4	1	7	2	1	6	9	7	5	3	9	1	
269_A/goose/Hong_Kong/23 4	3	0	0	5	4	1	2	1	5	0	1	1	0	0	0	9	4	2	1	4	1	0	3	4	4	1	4	5	1	7	3	6	9	3	2	5	0	4	3	4	4	8	9	9	0	4	0	2	4	10	3	4	2	7	2	1	7	14	6	6	2	5	2	
270_A/goose/Taiwan/01038 4	5	0	0	5	2	1	2	2	7	0	1	0	0	0	0	9	3	2	1	4	1	0	3	4	3	2	4	5	1	6	4	7	8	5	2	5	3	2	3	4	4	11	8	10	0	4	0	2	4	9	3	4	1	9	1	3	7	12	7	4	2	4	5	
271_A/heron/Kaohsiung/15 4	4	0	0	5	2	1	2	1	6	0	1	1	0	0	0	10	3	2	0	3	1	0	3	4	5	1	5	5	1	7	3	7	8	3	2	4	1	4	3	4	4	10	9	9	0	2	0	2	5	9	3	4	1	8	1	1	7	13	7	6	2	6	2	
272_A/quail/Jiangsu/k010 4	2	0	0	4	2	2	2	3	3	0	1	1	0	0	0	10	3	2	1	4	1	0	3	3	6	2	3	4	1	7	3	6	5	3	2	6	3	5	2	4	4	8	7	9	0	5	1	2	4	10	4	4	1	7	2	1	7	8	7	5	2	8	2	
273_A/wild_bird/Eastern_ 4	4	0	0	5	2	1	2	1	6	0	1	1	0	0	0	10	3	2	1	3	1	0	3	5	4	1	4	4	2	7	3	6	8	3	2	5	1	4	3	4	4	9	7	9	0	3	2	2	5	9	3	4	1	7	1	1	7	9	7	6	2	11	2	
274_A/wild_bird/Eastern_ 4	5	0	0	5	1	1	2	1	6	0	1	1	0	0	0	10	3	2	1	3	1	0	3	5	4	1	4	4	2	7	3	6	8	3	2	5	1	4	3	4	4	9	7	9	0	3	2	2	5	9	3	4	1	7	1	1	7	9	7	6	2	11	2	
275_A/wild_bird/Eastern_ 4	4	0	0	5	2	1	2	1	6	0	1	1	0	0	0	10	3	2	1	3	1	0	3	5	4	1	4	4	2	7	3	6	8	3	2	5	1	4	3	4	4	9	7	9	0	3	2	2	5	9	3	4	1	7	1	1	7	9	7	6	2	11	2	
276_A/Anser_albifrons/Hu 12	10	12	3	24	10	7	13	4	9	0	0	12	4	1	0	16	5	4	1	10	6	9	2	10	15	11	7	10	6	7	3	24	6	11	7	8	10	20	11	17	19	35	18	24	2	19	11	6	4	22	4	4	12	16	8	5	17	47	15	15	6	30	9	
277_A/chicken/Jiangxi/04 17	10	12	4	19	11	7	13	4	10	0	0	7	2	1	0	13	5	5	2	12	7	8	3	11	13	7	5	16	8	11	3	18	7	13	5	14	12	22	10	15	17	33	20	25	2	18	11	4	6	19	4	6	10	16	7	4	19	56	12	16	3	23	12	
278_A/chicken/Taiwan/011 14	11	14	4	23	10	5	12	10	11	0	0	9	4	1	0	16	8	5	1	11	4	8	2	7	15	13	6	8	5	5	3	22	7	20	4	11	10	13	14	14	19	31	18	26	4	22	13	7	6	23	5	4	7	14	8	8	19	43	10	12	3	31	12	
279_A/chicken/Taiwan/a17 13	11	14	4	22	10	5	11	9	11	0	0	10	4	1	0	16	8	5	1	11	4	8	2	7	14	12	6	8	5	5	2	22	7	19	4	11	10	13	14	14	19	31	18	25	4	22	13	7	6	23	5	4	7	13	8	8	19	42	10	11	3	31	12	
280_A/chicken/Yuhang/1/2 13	12	12	4	23	9	7	13	5	10	0	0	11	3	1	0	16	2	5	1	10	7	8	2	9	16	11	8	11	6	7	2	22	5	11	7	10	9	20	10	18	22	27	18	25	0	24	13	6	5	19	3	4	9	19	9	5	20	49	11	14	6	28	13	
281_A/chicken/Yuhang/2/2 13	12	12	4	23	9	7	13	5	10	0	0	11	3	1	0	16	2	5	1	10	7	8	2	9	16	11	8	11	6	7	2	22	5	11	7	10	9	20	10	18	22	27	18	25	0	24	13	6	5	19	3	4	9	19	9	5	20	49	11	14	6	28	13	
282_A/duck/Chongqing/S43 13	8	11	5	23	10	8	11	6	8	0	0	11	5	1	0	15	8	7	1	11	6	5	2	6	13	10	9	13	7	8	1	23	7	13	6	9	10	18	12	19	18	30	14	26	2	24	12	7	4	24	4	3	12	14	10	6	16	50	10	14	6	28	12	
283_A/Duck/Dongting/D76- 13	10	12	3	23	10	7	13	5	8	0	0	9	5	1	0	13	6	6	1	12	5	7	2	10	13	12	8	13	8	6	3	24	5	12	3	8	11	19	15	17	19	31	15	26	1	22	13	5	4	20	2	5	11	18	11	7	19	44	11	13	5	33	12	
284_A/duck/Eastern_China 13	10	11	4	23	10	8	12	5	9	0	0	11	4	1	0	16	5	5	1	8	6	8	2	9	14	10	8	12	7	8	2	22	8	12	6	11	7	19	12	17	22	27	18	25	0	25	12	7	6	23	3	4	9	15	10	6	19	45	11	13	5	32	12	
285_A/duck/Eastern_China 15	10	13	3	22	9	6	13	9	11	0	0	6	3	1	0	15	8	5	1	10	5	8	2	9	14	13	7	11	6	5	2	21	8	16	6	13	10	16	13	12	20	30	19	27	2	21	13	6	6	22	5	4	8	15	7	6	19	47	12	15	4	29	11	
286_A/duck/Guangdong/wy1 15	10	13	4	22	9	6	12	8	11	0	0	7	3	1	0	16	8	5	1	9	5	8	2	9	15	11	9	11	5	6	2	22	7	17	5	12	10	16	13	13	20	31	18	27	2	21	12	5	7	23	5	4	9	14	6	5	18	45	13	15	5	31	11	
287_A/duck/Guangdong/wy1 15	10	14	4	22	9	5	12	8	11	0	0	7	3	1	0	16	8	5	1	9	5	8	2	9	15	12	8	12	4	6	3	22	7	17	5	12	10	15	14	12	19	31	18	27	2	20	13	6	7	23	5	4	8	14	7	6	19	45	12	15	5	30	12	
288_A/duck/Guangdong/wy2 15	10	14	3	22	9	4	14	8	11	0	0	7	3	1	0	16	8	5	1	9	5	8	2	9	15	12	7	11	5	6	2	22	7	18	4	12	10	15	13	12	19	32	18	27	4	21	11	6	6	23	5	4	10	14	8	6	18	49	11	15	4	27	12	
289_A/duck/Kaohsiung/15W 14	11	13	5	22	9	6	11	4	11	0	0	11	2	1	0	16	6	6	1	10	6	7	2	11	11	11	8	10	9	7	2	23	7	13	6	8	9	19	12	18	20	31	18	25	1	22	11	7	4	21	4	3	11	15	9	6	19	49	11	14	5	29	12	
290_A/duck/Kaohsiung/20W 15	9	12	2	21	11	7	14	4	8	0	0	10	5	1	0	18	5	6	1	7	6	7	2	10	14	12	9	13	7	6	2	23	5	13	7	8	13	19	11	18	18	34	15	25	1	19	13	5	4	20	2	5	11	17	11	7	18	46	12	13	6	31	11	
291_A/duck/Liaoning/LN/2 15	10	13	3	22	10	6	13	9	10	0	0	6	3	1	0	16	9	5	1	10	4	8	2	9	14	13	7	11	6	5	2	21	7	17	5	12	10	15	13	12	20	32	20	26	2	21	11	6	6	22	5	4	8	15	7	7	20	46	12	15	4	30	11	
292_A/duck/Pingtung/1501 14	11	14	4	23	10	5	12	9	11	0	0	10	4	1	0	16	8	5	1	11	4	8	2	7	15	13	6	8	5	5	3	22	7	20	4	11	10	13	14	14	19	31	18	26	4	22	13	7	6	23	5	4	7	14	8	8	19	43	10	12	3	31	12	
293_A/duck/Tainan/16WB34 13	9	11	5	23	10	8	11	5	8	0	0	12	5	1	0	15	7	7	1	11	6	6	2	6	13	10	8	13	7	8	2	24	7	12	8	9	9	18	10	17	20	29	16	25	1	25	12	7	4	21	4	3	12	16	10	6	18	50	10	14	5	28	12	
294_A/duck/Taipei/18WB01 13	9	9	5	22	10	10	11	4	10	0	0	12	3	1	0	15	6	5	1	11	6	8	2	7	13	10	6	13	8	8	3	25	5	12	7	8	10	18	11	16	19	32	18	25	3	21	12	5	4	19	3	5	12	17	11	7	17	49	9	15	6	29	14	
295_A/duck/Taipei/19WB02 15	9	11	3	21	11	8	13	3	10	0	0	11	3	1	0	18	5	6	1	8	6	7	2	12	13	13	10	10	8	5	1	27	5	11	7	7	12	20	11	15	18	35	17	25	2	17	12	6	4	21	2	5	11	17	11	6	19	44	10	13	5	33	13	
296_A/goose/Guangdong/k0 15	9	12	3	22	10	7	13	10	11	0	0	5	3	1	0	16	8	5	1	9	5	8	2	10	15	13	6	11	5	5	3	22	7	18	5	12	10	15	13	12	20	29	19	26	2	23	12	5	7	23	5	4	10	14	7	7	17	46	12	14	5	30	11	
297_A/goose/Taiwan/01038 14	11	14	4	22	11	5	12	8	11	0	0	10	4	1	0	16	8	5	1	11	4	8	2	8	15	13	6	8	5	5	3	22	7	20	4	11	10	13	14	14	19	31	18	26	4	22	13	7	6	23	5	4	7	14	8	9	19	41	11	11	3	32	12	
298_A/heron/Kaohsiung/15 15	10	12	3	21	10	7	13	4	8	0	0	11	5	1	0	15	6	7	1	10	5	6	2	11	13	13	9	12	7	5	2	24	5	12	6	10	11	19	12	16	19	31	15	25	2	22	13	4	4	20	3	5	11	18	10	7	19	46	12	13	5	31	11	
299_A/quail/Jiangsu/k010 15	10	13	3	22	10	6	13	9	10	0	0	6	3	1	0	16	8	5	1	10	5	8	2	9	14	13	7	11	6	5	2	21	7	18	5	12	10	14	13	12	20	30	21	27	2	22	11	6	6	22	5	4	8	15	7	4	20	48	12	15	4	30	11	
300_A/wild_bird/Eastern_ 15	9	12	3	21	11	7	13	4	8	0	0	10	5	1	0	17	5	7	1	8	6	6	2	10	13	13	10	13	8	5	1	25	5	11	5	7	12	20	13	17	18	33	15	25	2	19	13	5	5	21	2	5	10	17	11	7	18	45	11	13	6	33	12	
301_A/wild_bird/Eastern_ 16	9	12	3	20	11	7	13	4	8	0	0	10	5	1	0	17	5	7	1	8	6	6	2	10	13	13	10	13	8	5	1	25	5	11	5	7	12	20	13	17	18	34	15	25	2	19	13	5	5	21	2	5	10	17	11	7	18	43	12	13	6	33	12	
302_A/wild_bird/Eastern_ 15	9	12	3	21	11	7	13	4	8	0	0	10	5	1	0	17	5	7	1	8	6	6	2	10	13	13	10	13	8	5	1	25	5	11	5	7	12	20	13	17	18	34	15	25	2	19	13	5	5	21	2	5	10	17	11	7	18	44	11	13	6	33	12	
303_A/wild_duck/Hunan/12 13	10	12	3	23	10	7	13	5	8	0	0	9	5	1	0	13	6	6	1	12	5	7	2	10	13	12	8	13	8	6	3	24	5	12	3	8	11	19	15	17	19	31	15	26	1	22	13	5	4	20	2	5	11	18	11	7	19	44	11	13	5	33	12	
304_A/Bulbul/Taiwan/0115 14	11	14	4	23	10	5	12	9	11	0	0	10	4	1	0	16	8	5	1	11	4	8	2	7	15	13	6	8	5	5	3	22	7	20	4	12	10	13	13	14	19	31	18	26	4	22	13	7	6	23	5	4	7	14	8	8	19	44	10	12	3	30	12	
305_A/Duck/Dongting/D76- 13	10	12	3	23	10	7	13	5	8	0	0	9	5	1	0	13	6	6	1	12	5	7	2	10	13	12	8	13	8	6	3	24	5	12	3	8	11	19	15	17	19	31	15	26	1	22	13	5	4	20	2	5	11	18	11	7	19	44	11	13	5	33	12	
306_A/chicken/Taiwan/011 14	11	14	4	23	10	5	12	10	11	0	0	9	4	1	0	16	8	5	1	11	4	8	2	7	15	13	6	8	5	5	3	22	7	20	4	11	10	13	14	14	19	31	18	26	4	22	13	7	6	23	5	4	7	14	8	8	19	43	10	12	3	31	12	
307_A/chicken/Yuhang/1/2 13	12	12	4	23	9	7	13	5	10	0	0	11	3	1	0	16	2	5	1	10	7	8	2	9	16	11	8	11	6	7	2	22	5	11	7	10	9	20	10	18	22	27	18	25	0	24	13	6	5	19	3	4	9	19	9	5	20	49	11	14	6	28	13	
308_A/chicken/Yuhang/2/2 13	12	12	4	23	9	7	13	5	10	0	0	11	3	1	0	16	2	5	1	10	7	8	2	9	16	11	8	11	6	7	2	22	5	11	7	10	9	20	10	18	22	27	18	25	0	24	13	6	5	19	3	4	9	19	9	5	20	49	11	14	6	28	13	
309_A/duck/Chongqing/S43 13	8	11	5	23	10	8	11	6	8	0	0	11	5	1	0	15	8	7	1	11	6	5	2	6	13	10	9	13	7	8	1	23	7	13	6	9	10	18	12	19	18	30	14	26	2	24	12	7	4	24	4	3	12	14	10	6	16	50	10	14	6	28	12	
310_A/duck/Eastern_China 13	10	11	4	23	10	8	12	5	9	0	0	11	4	1	0	16	5	5	1	8	6	8	2	9	14	10	8	12	7	8	2	22	8	12	6	11	7	19	12	17	22	27	18	25	0	25	12	7	6	23	3	4	9	15	10	6	19	45	11	13	5	32	12	
311_A/duck/Eastern_China 15	10	13	3	22	9	6	13	9	11	0	0	6	3	1	0	15	8	5	1	10	5	8	2	9	14	13	7	11	6	5	2	21	8	16	6	13	10	16	13	12	20	30	19	27	2	21	13	6	6	22	5	4	8	15	7	6	19	47	12	15	4	29	11	
312_A/duck/Guangdong/wy1 15	10	13	4	22	9	6	12	8	11	0	0	7	3	1	0	16	8	5	1	9	5	8	2	9	15	11	9	11	5	6	2	22	7	17	5	12	10	16	13	13	20	31	18	27	2	21	12	5	7	23	5	4	9	14	6	5	18	45	13	15	5	31	11	
313_A/duck/Guangdong/wy1 15	10	14	4	22	9	5	12	8	11	0	0	7	3	1	0	16	8	5	1	9	5	8	2	9	15	12	8	12	4	6	3	22	7	17	5	12	10	15	14	12	19	31	18	27	2	20	13	6	7	23	5	4	8	14	7	6	19	45	12	15	5	30	12	
314_A/duck/Guangdong/wy2 15	10	14	3	22	9	4	14	8	11	0	0	7	3	1	0	16	8	5	1	9	5	8	2	9	15	12	7	11	5	6	2	22	7	18	4	12	10	15	13	12	19	32	18	27	4	21	11	6	6	23	5	4	10	14	8	6	18	49	11	15	4	27	12	
315_A/duck/HuBei/03/2010 13	10	13	3	23	9	6	13	6	11	0	0	10	3	1	0	17	6	5	1	9	6	8	2	9	15	13	7	10	6	5	3	22	7	16	6	12	9	16	12	15	19	32	17	27	2	21	12	6	5	23	5	4	10	15	7	5	18	47	10	15	5	29	13	
316_A/duck/Kaohsiung/15W 14	11	13	5	22	9	6	11	4	11	0	0	11	2	1	0	16	6	6	1	10	6	7	2	11	11	11	8	10	9	7	2	23	7	13	6	8	9	19	12	18	20	31	18	25	1	22	11	7	4	21	4	3	11	15	9	6	19	49	11	14	5	29	12	
317_A/duck/Kaohsiung/20W 15	9	12	2	21	11	7	14	4	8	0	0	10	5	1	0	18	5	6	1	7	6	7	2	10	14	12	9	13	7	6	2	23	5	13	7	8	13	19	11	18	18	34	15	25	1	19	13	5	4	20	2	5	11	17	11	7	18	46	12	13	6	31	11	
318_A/duck/Liaoning/LN/2 15	10	13	3	22	10	6	13	9	10	0	0	6	3	1	0	16	9	5	1	10	4	8	2	9	14	13	7	11	6	5	2	21	7	17	5	12	10	15	13	12	20	32	20	26	2	21	11	6	6	22	5	4	8	15	7	7	20	46	12	15	4	30	11	
319_A/duck/Pingtung/1501 14	11	14	4	23	10	5	12	9	11	0	0	10	4	1	0	16	8	5	1	11	4	8	2	7	15	13	6	8	5	5	3	22	7	20	4	11	10	13	14	14	19	31	18	26	4	22	13	7	6	23	5	4	7	14	8	8	19	43	10	12	3	31	12	
320_A/duck/Tainan/16WB34 13	9	11	5	23	10	8	11	5	8	0	0	12	5	1	0	15	7	7	1	11	6	6	2	6	13	10	8	13	7	8	2	24	7	12	8	9	9	18	10	17	20	29	16	25	1	25	12	7	4	21	4	3	12	16	10	6	18	50	10	14	5	28	12	
321_A/duck/Taipei/18WB01 13	9	9	5	22	10	10	11	4	10	0	0	12	3	1	0	15	6	5	1	11	6	8	2	7	13	10	6	13	8	8	3	25	5	12	7	8	10	18	11	16	19	32	18	25	3	21	12	5	4	19	3	5	12	17	11	7	17	49	9	15	6	29	14	
322_A/duck/Taipei/19WB02 15	9	11	3	21	11	8	13	3	10	0	0	11	3	1	0	18	5	6	1	8	6	7	2	12	13	13	10	10	8	5	1	27	5	11	7	7	12	20	11	15	18	35	17	25	2	17	12	6	4	21	2	5	11	17	11	6	19	44	10	13	5	33	13	
323_A/goose/Guangdong/k0 15	9	12	3	22	10	7	13	10	11	0	0	5	3	1	0	16	8	5	1	9	5	8	2	10	15	13	6	11	5	5	3	22	7	18	5	12	10	15	13	12	20	29	19	26	2	23	12	5	7	23	5	4	10	14	7	7	17	46	12	14	5	30	11	
324_A/goose/Hong_Kong/23 15	12	12	3	21	7	7	13	5	10	0	0	9	3	1	0	16	6	4	1	11	6	9	3	6	12	8	3	16	9	10	5	22	4	13	10	10	14	19	7	16	16	34	17	25	3	20	13	4	7	22	4	7	9	15	9	5	20	40	12	14	3	38	10	
325_A/goose/Taiwan/01038 14	11	14	4	22	11	5	12	8	11	0	0	10	4	1	0	16	8	5	1	11	4	8	2	8	15	13	6	8	5	5	3	22	7	20	4	11	10	13	14	14	19	31	18	26	4	22	13	7	6	23	5	4	7	14	8	9	19	41	11	11	3	32	12	
326_A/heron/Kaohsiung/15 15	10	12	3	21	10	7	13	4	8	0	0	11	5	1	0	15	6	7	1	10	5	6	2	11	13	13	9	12	7	5	2	24	5	12	6	10	11	19	12	16	19	31	15	25	2	22	13	4	4	20	3	5	11	18	10	7	19	46	12	13	5	31	11	
327_A/quail/Jiangsu/k010 15	10	13	3	22	10	6	13	9	10	0	0	6	3	1	0	16	8	5	1	10	5	8	2	9	14	13	7	11	6	5	2	21	7	18	5	12	10	14	13	12	20	30	21	27	2	22	11	6	6	22	5	4	8	15	7	4	20	48	12	15	4	30	11	
328_A/wild_bird/Eastern_ 15	9	12	3	21	11	7	13	4	8	0	0	10	5	1	0	17	5	7	1	8	6	6	2	10	13	13	10	13	8	5	1	25	5	11	5	7	12	20	13	17	18	33	15	25	2	19	13	5	5	21	2	5	10	17	11	7	18	45	11	13	6	33	12	
329_A/wild_bird/Eastern_ 16	9	12	3	20	11	7	13	4	8	0	0	10	5	1	0	17	5	7	1	8	6	6	2	10	13	13	10	13	8	5	1	25	5	11	5	7	12	20	13	17	18	34	15	25	2	19	13	5	5	21	2	5	10	17	11	7	18	43	12	13	6	33	12	
330_A/wild_bird/Eastern_ 15	9	12	3	21	11	7	13	4	8	0	0	10	5	1	0	17	5	7	1	8	6	6	2	10	13	13	10	13	8	5	1	25	5	11	5	7	12	20	13	17	18	34	15	25	2	19	13	5	5	21	2	5	10	17	11	7	18	44	11	13	6	33	12	
331_A/Anser_albifrons/Hu 14	7	7	5	19	8	18	5	7	11	0	0	10	3	1	0	10	9	6	2	8	5	4	3	7	13	21	4	17	4	10	3	19	10	22	9	11	11	27	12	15	34	22	21	37	5	28	19	6	13	23	4	9	8	9	3	6	16	21	30	15	5	28	10	
332_A/chicken/Jiangxi/04 10	5	8	6	23	6	17	4	6	14	0	0	14	3	1	0	6	8	8	1	12	6	2	3	6	13	17	3	13	5	13	5	19	7	24	10	11	14	25	11	14	31	26	20	38	6	26	19	8	12	20	2	10	9	14	8	6	20	23	24	14	3	25	12	
333_A/chicken/Taiwan/011 15	8	6	5	18	6	19	5	6	12	0	0	15	3	1	0	9	8	5	2	9	5	5	3	9	14	22	3	10	5	9	4	19	9	25	9	12	11	23	13	15	32	22	20	38	7	28	19	7	14	22	3	9	7	10	5	7	15	27	27	13	6	23	11	
334_A/chicken/Taiwan/a17 15	8	6	5	16	6	16	5	4	12	0	0	15	3	1	0	8	6	4	2	9	5	5	3	9	12	21	3	10	4	9	4	19	7	23	8	12	10	23	12	14	29	21	20	36	7	29	19	7	12	20	3	8	7	10	5	7	15	27	23	12	5	23	11	
335_A/chicken/Yuhang/1/2 8	4	8	6	25	7	17	4	4	14	0	0	17	3	1	0	6	9	7	1	12	4	3	3	6	14	17	3	12	5	13	6	20	6	25	9	11	14	24	12	14	31	26	17	38	8	27	20	8	13	18	2	9	9	16	8	7	18	24	24	13	3	24	12	
336_A/chicken/Yuhang/2/2 9	6	8	6	24	6	17	4	5	14	0	0	15	3	1	0	5	9	6	0	11	3	4	4	8	16	16	3	13	4	14	6	19	8	22	10	11	12	27	11	15	30	34	19	39	7	19	18	10	12	19	3	7	7	15	7	7	21	24	26	13	3	24	10	
337_A/duck/Chongqing/S43 13	8	7	5	20	7	18	5	5	10	0	0	11	4	1	0	9	9	6	1	8	6	4	4	9	14	23	2	16	3	8	5	18	8	21	10	12	13	28	11	15	34	22	23	37	4	29	16	7	11	21	5	8	10	11	3	8	18	27	32	13	3	23	7	
338_A/Duck/Dongting/D76- 13	8	7	5	20	7	18	5	6	10	0	0	11	4	1	0	10	10	6	1	8	5	4	4	8	14	23	2	15	3	8	5	18	9	21	10	12	13	27	12	15	34	18	21	37	4	33	18	7	11	22	2	9	10	11	4	8	18	25	29	12	3	25	10	
339_A/duck/Eastern_China 12	6	10	5	21	7	15	5	8	13	0	1	11	3	0	0	9	11	6	4	8	5	4	0	8	13	21	3	14	3	11	7	16	9	25	10	12	12	25	10	18	36	21	22	36	3	32	13	9	12	20	6	10	9	12	3	7	18	25	26	10	3	25	11	
340_A/duck/Eastern_China 12	6	10	5	21	7	15	5	9	13	0	1	10	3	0	0	9	11	6	4	8	5	4	0	8	13	21	2	14	3	11	7	17	9	25	10	12	12	26	10	17	35	23	23	37	4	29	14	8	12	20	6	10	9	11	3	7	18	25	27	10	3	25	10	
341_A/duck/Guangdong/wy1 13	6	9	4	20	6	16	6	9	14	0	1	9	3	0	0	8	12	6	2	8	5	4	2	10	12	22	2	13	4	10	7	17	9	24	10	13	12	25	11	17	36	21	24	36	3	31	13	8	10	20	5	10	10	12	2	7	18	26	26	10	4	24	13	
342_A/duck/Guangdong/wy1 13	6	9	4	20	6	16	6	9	14	0	1	9	3	0	0	9	11	6	2	8	5	4	2	10	12	22	2	13	4	10	7	18	9	26	10	13	12	24	11	16	36	21	24	36	3	31	13	8	10	19	4	10	10	12	3	8	18	25	26	10	4	24	13	
343_A/duck/Guangdong/wy2 13	6	9	5	20	6	16	5	9	14	0	1	10	3	0	0	10	10	6	3	8	6	4	1	7	12	22	2	14	4	10	7	17	9	25	10	12	12	23	12	17	35	19	24	37	4	33	13	10	11	20	5	9	9	10	4	7	18	25	28	9	4	25	11	
344_A/duck/Kaohsiung/15W 13	6	7	4	20	8	18	6	6	12	0	0	12	3	1	0	8	9	7	2	9	5	3	3	11	13	22	2	12	5	9	5	19	13	21	9	11	11	27	13	15	30	22	20	37	5	29	19	7	13	23	4	10	9	10	5	5	18	28	25	14	3	21	12	
345_A/duck/Kaohsiung/20W 13	7	9	5	20	7	16	5	6	12	0	0	9	3	1	0	10	10	8	2	9	5	2	3	9	14	22	3	15	3	8	4	17	9	24	11	12	12	24	11	15	36	27	22	37	3	25	17	5	9	21	3	12	12	13	5	4	20	25	30	15	2	23	8	
346_A/duck/Liaoning/LN/2 14	6	5	4	19	8	20	6	6	12	0	0	11	3	1	0	9	9	6	1	9	5	5	3	11	13	22	2	12	5	9	5	19	10	21	9	11	11	26	14	15	34	23	17	37	5	29	21	5	12	22	3	12	9	10	5	7	17	26	28	12	4	24	10	
347_A/duck/Pingtung/1501 15	8	6	5	18	6	19	5	6	12	0	0	15	3	1	0	9	8	5	2	9	5	5	3	9	14	22	3	10	5	9	4	18	9	26	9	13	11	23	13	15	32	22	20	37	7	29	19	7	13	22	3	9	7	10	5	7	15	27	27	13	6	23	11	
348_A/duck/Tainan/16WB34 12	7	8	5	21	8	17	5	5	11	0	0	10	3	1	0	8	10	5	1	10	4	5	4	8	15	22	3	17	3	8	5	20	9	22	9	11	14	26	13	14	32	22	22	37	5	30	16	7	12	21	3	8	9	11	5	7	17	24	29	13	5	26	9	
349_A/duck/Taipei/18WB01 12	8	6	5	21	6	19	5	5	11	0	0	13	4	1	0	9	8	6	2	9	6	4	2	8	14	19	3	14	4	12	6	18	12	20	8	12	9	28	14	16	33	26	21	36	6	26	16	8	11	23	4	8	10	9	4	7	17	26	28	13	4	24	10	
350_A/duck/Taipei/19WB02 13	7	6	6	20	7	19	4	4	12	0	0	11	3	1	0	10	11	8	2	8	4	2	3	10	14	22	4	15	3	9	4	18	9	26	10	11	12	22	12	16	37	25	27	37	2	25	12	6	10	19	3	11	13	15	5	4	17	26	27	15	2	22	11	
351_A/goose/Guangdong/k0 12	6	9	5	21	7	16	5	7	13	0	0	12	3	1	0	8	11	6	3	8	5	4	1	7	13	22	2	16	3	9	7	16	9	25	10	13	12	25	10	17	36	22	24	37	3	31	12	8	12	17	6	10	10	15	2	6	17	25	26	11	4	25	11	
352_A/goose/Taiwan/01038 15	8	6	4	18	6	19	5	6	12	0	0	15	3	1	0	9	8	5	3	9	5	5	3	9	14	22	3	10	5	9	4	18	10	25	9	13	11	23	13	15	32	21	21	37	7	29	18	7	13	22	3	9	7	10	5	7	15	28	27	13	6	23	11	
353_A/heron/Kaohsiung/15 12	8	6	5	21	6	19	5	5	11	0	0	12	4	1	0	8	9	5	2	10	5	5	3	9	13	21	2	14	5	10	6	19	12	22	10	11	9	26	12	15	33	24	20	37	5	27	18	7	12	22	4	9	9	10	4	6	19	25	28	14	3	25	10	
354_A/quail/Jiangsu/k010 16	4	5	4	19	8	20	6	6	12	0	0	12	3	1	0	10	9	6	1	8	5	5	3	11	13	22	2	11	5	9	5	19	10	21	9	11	11	26	14	15	34	22	18	37	5	30	20	6	12	23	3	10	9	9	5	8	17	26	28	12	4	24	10	
355_A/wild_bird/Eastern_ 13	7	6	5	20	7	19	6	11	10	0	0	9	5	1	0	9	9	6	2	9	5	4	3	8	14	22	1	12	4	9	6	18	10	22	7	12	11	26	15	15	32	22	19	37	7	28	21	6	12	22	3	11	9	10	5	6	16	24	25	13	5	26	13	
356_A/wild_bird/Eastern_ 13	7	6	4	20	7	19	6	11	10	0	0	9	5	1	0	9	9	6	2	9	5	4	3	8	14	23	2	12	4	8	5	18	10	22	7	12	11	26	15	15	32	22	19	37	7	28	21	6	12	22	3	11	9	10	5	6	16	24	25	13	5	26	13	
357_A/wild_bird/Eastern_ 13	7	6	4	20	7	19	6	11	10	0	0	9	5	1	0	9	9	6	2	9	5	5	3	8	14	22	1	12	4	9	6	18	10	22	7	12	11	25	15	15	32	22	19	37	7	28	21	6	12	21	3	11	9	11	5	6	16	24	25	13	5	26	13	
358_A/wild_duck/Hunan/12 13	8	7	5	20	7	18	5	6	10	0	0	11	4	1	0	10	10	6	1	8	5	4	4	8	14	23	2	15	3	8	5	18	9	21	10	12	13	27	12	15	34	18	21	37	4	33	18	7	11	22	2	9	10	11	4	8	18	25	30	12	3	25	9	
359_A/Bulbul/Taiwan/0115 15	8	6	5	18	6	19	5	6	12	0	0	15	3	1	0	9	8	5	2	9	5	5	3	9	14	23	2	10	5	9	4	18	10	25	9	13	11	23	13	15	32	22	20	37	7	29	19	7	13	22	3	9	7	10	5	7	15	26	27	13	6	24	11	
360_A/Duck/Dongting/D76- 13	8	7	5	20	7	18	5	6	10	0	0	11	4	1	0	10	10	6	1	8	5	4	4	8	14	23	2	15	3	8	5	18	9	21	10	12	13	27	12	15	34	18	21	37	4	33	18	7	11	22	2	9	10	11	4	8	18	25	29	12	3	25	10	
361_A/chicken/Taiwan/011 15	8	6	5	18	6	19	5	6	12	0	0	15	3	1	0	9	8	5	2	9	5	5	3	9	14	22	3	10	5	9	4	19	9	25	9	12	11	23	13	15	32	22	20	38	7	28	19	7	14	22	3	9	7	10	5	7	15	27	27	13	6	23	11	
362_A/chicken/Yuhang/1/2 8	4	8	6	25	7	17	4	4	14	0	0	17	3	1	0	6	9	7	1	12	4	3	3	6	14	17	3	12	5	13	6	20	6	25	9	11	14	24	12	14	31	26	17	38	8	27	20	8	13	18	2	9	9	16	8	7	18	24	24	13	3	24	12	
363_A/chicken/Yuhang/2/2 9	6	8	6	24	6	17	4	5	14	0	0	15	3	1	0	5	9	6	0	11	3	4	4	8	16	16	3	13	4	14	6	19	8	22	10	11	12	27	11	15	30	34	19	39	7	19	18	10	12	19	3	7	7	15	7	7	21	24	26	13	3	24	10	
364_A/duck/Chongqing/S43 13	8	7	5	20	7	18	5	5	10	0	0	11	4	1	0	9	9	6	1	8	6	4	4	9	14	23	2	16	3	8	5	18	8	21	10	12	13	28	11	15	34	22	23	37	4	29	16	7	11	21	5	8	10	11	3	8	18	27	32	13	3	23	7	
365_A/duck/Eastern_China 12	6	10	5	21	7	15	5	8	13	0	1	11	3	0	0	9	11	6	4	8	5	4	0	8	13	21	3	14	3	11	7	16	9	25	10	12	12	25	10	18	36	21	22	36	3	32	13	9	12	20	6	10	9	12	3	7	18	25	26	10	3	25	11	
366_A/duck/Eastern_China 12	6	10	5	21	7	15	5	9	13	0	1	10	3	0	0	9	11	6	4	8	5	4	0	8	13	21	2	14	3	11	7	17	9	25	10	12	12	26	10	17	35	23	23	37	4	29	14	8	12	20	6	10	9	11	3	7	18	25	27	10	3	25	10	
367_A/duck/Guangdong/wy1 13	6	9	4	20	6	16	6	9	14	0	1	9	3	0	0	8	12	6	2	8	5	4	2	10	12	22	2	13	4	10	7	17	9	24	10	13	12	25	11	17	36	21	24	36	3	31	13	8	10	20	5	10	10	12	2	7	18	26	26	10	4	24	13	
368_A/duck/Guangdong/wy1 13	6	9	4	20	6	16	6	9	14	0	1	9	3	0	0	9	11	6	2	8	5	4	2	10	12	22	2	13	4	10	7	18	9	26	10	13	12	24	11	16	36	21	24	36	3	31	13	8	10	19	4	10	10	12	3	8	18	25	26	10	4	24	13	
369_A/duck/Guangdong/wy2 13	6	9	5	20	6	16	5	9	14	0	1	10	3	0	0	10	10	6	3	8	6	4	1	7	12	22	2	14	4	10	7	17	9	25	10	12	12	23	12	17	35	19	24	37	4	33	13	10	11	20	5	9	9	10	4	7	18	25	28	9	4	25	11	
370_A/duck/HuBei/03/2010 10	7	10	6	23	8	15	4	4	8	0	0	15	6	1	0	10	11	5	1	10	4	5	3	8	13	21	1	11	4	10	5	15	7	26	6	13	14	24	14	16	32	24	22	37	7	26	20	7	12	19	3	12	8	13	5	8	20	30	27	10	2	20	11	
371_A/duck/Kaohsiung/15W 13	6	7	4	20	8	18	6	6	12	0	0	12	3	1	0	8	9	7	2	9	5	3	3	11	13	22	2	12	5	9	5	19	13	21	9	11	11	27	13	15	30	22	20	37	5	29	19	7	13	23	4	10	9	10	5	5	18	28	25	14	3	21	12	
372_A/duck/Kaohsiung/20W 13	7	9	5	20	7	16	5	6	12	0	0	9	3	1	0	10	10	8	2	9	5	2	3	9	14	22	3	15	3	8	4	17	9	24	11	12	12	24	11	15	36	27	22	37	3	25	17	5	9	21	3	12	12	13	5	4	20	25	30	15	2	23	8	
373_A/duck/Liaoning/LN/2 14	6	5	4	19	8	20	6	6	12	0	0	11	3	1	0	9	9	6	1	9	5	5	3	11	13	22	2	12	5	9	5	19	10	21	9	11	11	26	14	15	34	23	17	37	5	29	21	5	12	22	3	12	9	10	5	7	17	26	28	12	4	24	10	
374_A/duck/Pingtung/1501 15	8	6	5	18	6	19	5	6	12	0	0	15	3	1	0	9	8	5	2	9	5	5	3	9	14	22	3	10	5	9	4	18	9	26	9	13	11	23	13	15	32	22	20	37	7	29	19	7	13	22	3	9	7	10	5	7	15	27	27	13	6	23	11	
375_A/duck/Tainan/16WB34 12	7	8	5	21	8	17	5	5	11	0	0	10	3	1	0	8	10	5	1	10	4	5	4	8	15	22	3	17	3	8	5	20	9	22	9	11	14	26	13	14	32	22	22	37	5	30	16	7	12	21	3	8	9	11	5	7	17	24	29	13	5	26	9	
376_A/duck/Taipei/18WB01 12	8	6	5	21	6	19	5	5	11	0	0	13	4	1	0	9	8	6	2	9	6	4	2	8	14	19	3	14	4	12	6	18	12	20	8	12	9	28	14	16	33	26	21	36	6	26	16	8	11	23	4	8	10	9	4	7	17	26	28	13	4	24	10	
377_A/duck/Taipei/19WB02 13	7	6	6	20	7	19	4	4	12	0	0	11	3	1	0	10	11	8	2	8	4	2	3	10	14	22	4	15	3	9	4	18	9	26	10	11	12	22	12	16	37	25	27	37	2	25	12	6	10	19	3	11	13	15	5	4	17	26	27	15	2	22	11	
378_A/goose/Guangdong/k0 12	6	9	5	21	7	16	5	7	13	0	0	12	3	1	0	8	11	6	3	8	5	4	1	7	13	22	2	16	3	9	7	16	9	25	10	13	12	25	10	17	36	22	24	37	3	31	12	8	12	17	6	10	10	15	2	6	17	25	26	11	4	25	11	
379_A/goose/Hong_Kong/23 13	6	10	5	20	8	15	5	5	13	0	1	9	2	0	0	8	10	6	1	11	5	4	3	12	14	21	3	13	3	11	5	16	9	26	11	14	11	23	10	16	33	20	23	37	7	31	16	8	13	20	4	10	9	12	4	3	18	28	27	14	2	22	11	
380_A/goose/Taiwan/01038 15	8	6	4	18	6	19	5	6	12	0	0	15	3	1	0	9	8	5	3	9	5	5	3	9	14	22	3	10	5	9	4	18	10	25	9	13	11	23	13	15	32	21	21	37	7	29	18	7	13	22	3	9	7	10	5	7	15	28	27	13	6	23	11	
381_A/heron/Kaohsiung/15 12	8	6	5	21	6	19	5	5	11	0	0	12	4	1	0	8	9	5	2	10	5	5	3	9	13	21	2	14	5	10	6	19	12	22	10	11	9	26	12	15	33	24	20	37	5	27	18	7	12	22	4	9	9	10	4	6	19	25	28	14	3	25	10	
382_A/quail/Jiangsu/k010 16	4	5	4	19	8	20	6	6	12	0	0	12	3	1	0	10	9	6	1	8	5	5	3	11	13	22	2	11	5	9	5	19	10	21	9	11	11	26	14	15	34	22	18	37	5	30	20	6	12	23	3	10	9	9	5	8	17	26	28	12	4	24	10	
383_A/wild_bird/Eastern_ 13	7	6	5	20	7	19	6	11	10	0	0	9	5	1	0	9	9	6	2	9	5	4	3	8	14	22	1	12	4	9	6	18	10	22	7	12	11	26	15	15	32	22	19	37	7	28	21	6	12	22	3	11	9	10	5	6	16	24	25	13	5	26	13	
384_A/wild_bird/Eastern_ 13	7	6	4	20	7	19	6	11	10	0	0	9	5	1	0	9	9	6	2	9	5	4	3	8	14	23	2	12	4	8	5	18	10	22	7	12	11	26	15	15	32	22	19	37	7	28	21	6	12	22	3	11	9	10	5	6	16	24	25	13	5	26	13	
385_A/wild_bird/Eastern_ 13	7	6	4	20	7	19	6	11	10	0	0	9	5	1	0	9	9	6	2	9	5	5	3	8	14	22	1	12	4	9	6	18	10	22	7	12	11	25	15	15	32	22	19	37	7	28	21	6	12	21	3	11	9	11	5	6	16	24	25	13	5	26	13	
386_A/Anser_albifrons/Hu 11	7	8	1	13	6	8	4	5	15	0	0	21	2	1	0	8	9	8	2	8	4	2	5	7	9	21	4	12	7	15	4	14	9	18	12	15	9	12	10	19	31	29	32	35	4	17	13	12	13	17	8	12	7	17	7	11	23	30	22	28	3	23	11	
387_A/chicken/Jiangxi/04 9	8	11	2	15	6	5	3	4	14	1	0	18	2	0	0	10	7	9	2	4	6	1	5	13	13	18	2	11	3	18	4	15	6	15	15	14	12	16	7	19	30	26	27	33	3	18	18	14	10	13	7	12	9	20	6	13	20	28	23	27	6	23	12	
388_A/chicken/Taiwan/011 9	8	11	2	15	6	5	3	6	14	0	0	20	2	1	0	10	10	9	2	6	4	1	5	9	11	16	3	10	4	20	5	15	9	18	12	12	11	13	10	21	30	23	31	35	4	21	15	10	9	16	6	14	9	18	9	7	21	29	19	32	6	24	14	
389_A/chicken/Taiwan/a17 9	8	11	2	15	6	5	3	6	14	0	0	20	2	1	0	10	10	9	2	6	4	1	5	9	11	16	3	10	4	20	5	15	9	18	12	12	11	13	10	21	30	23	31	35	4	21	15	10	9	16	6	14	9	18	9	7	21	29	19	32	6	24	14	
390_A/chicken/Yuhang/1/2 9	7	10	3	15	6	7	2	6	14	1	0	15	3	0	0	10	8	8	2	4	5	1	5	12	11	20	2	13	5	16	3	14	10	18	13	13	9	13	9	21	29	24	29	36	3	21	19	13	11	16	7	13	9	18	7	11	23	31	23	29	2	22	11	
391_A/chicken/Yuhang/2/2 9	8	12	2	15	6	4	3	4	14	1	0	18	2	0	0	10	8	9	2	4	6	1	5	12	8	20	2	12	7	16	4	15	8	17	12	14	10	15	10	19	27	24	29	36	5	22	18	14	11	16	7	13	9	18	7	11	22	29	23	28	3	23	11	
392_A/duck/Chongqing/S43 10	8	12	0	14	7	4	5	8	14	0	0	15	2	1	0	7	11	9	3	9	4	1	4	9	9	15	3	13	5	22	4	14	9	19	12	12	10	14	10	23	27	24	34	35	6	19	13	13	5	13	5	13	10	20	10	11	20	27	20	27	8	26	13	
393_A/Duck/Dongting/D76- 7	8	10	1	18	6	6	4	7	14	0	0	17	2	1	0	10	11	9	3	7	3	1	4	10	11	14	3	10	4	22	5	16	10	19	13	12	10	12	9	20	26	20	32	36	7	24	14	11	9	16	7	12	9	18	7	11	22	28	22	28	5	25	12	
394_A/duck/Eastern_China 9	7	7	1	15	6	9	4	8	15	0	0	17	2	1	0	8	8	7	2	7	5	3	5	7	11	24	5	15	5	11	4	17	11	18	9	14	9	14	12	20	25	27	32	35	5	18	12	12	12	18	5	10	7	16	9	15	24	28	22	25	4	25	12	
395_A/duck/Eastern_China 8	7	7	1	16	6	9	4	8	15	0	0	17	2	1	0	8	7	7	2	7	6	3	5	7	11	24	5	15	5	11	4	17	11	18	9	14	9	14	12	20	25	27	32	35	5	18	12	13	12	18	5	9	7	16	9	14	24	26	22	26	4	27	12	
396_A/duck/Guangdong/wy1 9	8	7	1	15	6	9	4	8	15	0	0	12	1	1	0	7	8	6	2	7	5	4	5	7	11	25	5	21	5	11	3	17	12	18	10	14	9	13	12	20	25	27	32	34	6	18	11	13	10	18	6	10	7	16	8	14	24	26	21	27	3	27	14	
397_A/duck/Guangdong/wy1 9	9	7	1	15	6	9	4	8	14	0	0	12	1	1	0	7	8	6	2	7	5	4	5	7	11	25	5	21	5	11	3	17	12	18	10	15	9	13	12	19	25	28	33	35	7	16	12	13	10	18	6	10	7	16	8	14	23	27	20	25	3	27	14	
398_A/duck/Guangdong/wy2 9	7	7	1	15	6	9	4	7	15	0	0	15	2	1	0	7	8	6	2	7	5	4	5	8	11	25	5	18	5	10	4	17	12	19	10	15	8	12	12	20	25	29	34	33	5	15	11	13	12	19	7	9	8	15	8	15	23	25	21	27	3	27	13	
399_A/duck/Kaohsiung/15W 11	8	11	0	13	5	6	5	7	15	0	0	14	2	1	0	11	8	8	4	4	6	1	3	10	8	19	3	15	7	17	4	13	8	19	12	16	11	12	10	22	24	25	27	35	9	19	20	10	11	16	7	10	9	18	8	12	20	28	21	30	5	25	12	
400_A/duck/Kaohsiung/20W 11	6	6	1	13	8	10	4	7	14	0	0	20	3	1	0	8	10	9	2	8	3	1	5	3	8	20	3	15	7	16	5	15	10	19	12	12	9	12	10	22	28	29	33	35	6	15	13	14	12	17	6	11	8	17	10	10	21	32	23	28	4	21	9	
401_A/duck/Liaoning/LN/2 9	7	7	2	15	7	9	3	6	13	0	0	15	3	1	0	8	9	8	2	7	4	2	5	10	11	22	3	15	5	15	5	14	15	16	11	15	8	14	11	20	26	29	28	35	4	17	16	12	12	18	6	9	6	17	9	20	23	25	24	22	3	28	9	
402_A/duck/Pingtung/1501 9	8	11	2	14	7	5	3	6	14	0	0	20	2	1	0	10	10	9	2	6	4	1	5	9	11	16	3	10	4	20	5	16	9	18	12	11	11	13	10	21	30	23	30	35	4	21	16	10	9	16	6	14	9	18	9	6	21	28	19	33	6	25	14	
403_A/duck/Tainan/16WB34 10	8	12	0	14	7	4	5	8	14	0	0	15	2	1	0	7	11	9	3	9	3	1	4	9	10	14	3	13	5	22	5	13	9	18	12	14	11	13	10	23	27	25	31	35	6	19	15	12	7	14	5	12	10	20	10	11	20	27	21	27	7	26	12	
404_A/duck/Taipei/18WB01 14	5	10	1	10	8	6	4	5	13	0	0	20	4	1	0	7	9	7	2	8	4	3	4	6	10	19	5	15	6	17	4	13	9	18	12	15	10	13	10	20	32	25	32	35	2	17	16	14	11	17	7	9	9	17	8	12	21	31	21	29	4	22	12	
405_A/duck/Taipei/19WB02 9	6	11	2	15	7	5	3	7	14	0	0	15	3	1	0	10	11	9	2	4	3	1	5	14	10	17	4	11	5	19	4	14	10	16	10	15	9	15	12	20	29	26	29	34	6	19	16	10	12	16	9	14	8	18	7	10	21	27	22	29	4	26	10	
406_A/goose/Guangdong/k0 11	8	7	1	13	6	9	4	8	15	0	0	18	1	1	0	9	7	7	2	6	6	3	5	7	11	25	5	14	5	10	4	16	10	19	9	15	10	13	12	20	26	27	32	34	4	18	12	13	12	18	5	9	6	16	9	17	24	26	22	24	5	27	12	
407_A/goose/Taiwan/01038 9	8	11	2	15	6	5	3	6	14	0	0	20	2	1	0	10	10	9	2	6	4	1	5	9	11	16	3	10	4	20	5	15	10	17	12	12	11	13	10	21	30	23	30	35	4	21	16	10	9	16	6	14	9	18	9	7	21	29	19	32	6	24	14	
408_A/heron/Kaohsiung/15 10	8	10	1	14	5	6	4	3	14	0	0	23	3	1	0	8	10	8	2	8	3	2	5	7	10	18	4	12	6	18	4	16	11	17	12	13	8	14	10	18	32	28	31	35	3	16	15	12	12	18	8	14	8	16	7	9	21	33	23	29	4	20	10	
409_A/quail/Jiangsu/k010 10	6	7	1	14	7	9	4	6	14	0	0	15	3	1	0	8	9	8	2	7	4	2	5	10	11	22	3	15	5	15	5	14	15	17	11	14	8	13	11	20	26	29	28	35	4	17	16	12	12	18	6	10	6	17	9	19	23	25	24	23	3	28	9	
410_A/wild_bird/Eastern_ 14	5	11	1	10	8	5	4	5	13	0	0	19	4	1	0	7	10	7	2	9	3	3	4	6	12	19	5	15	4	17	4	15	9	19	11	13	10	12	11	20	31	27	32	35	3	16	15	13	13	18	8	10	8	16	7	12	20	32	21	29	4	21	12	
411_A/wild_bird/Eastern_ 13	5	11	1	11	8	5	4	5	13	0	0	19	4	1	0	7	10	7	2	9	3	3	4	6	12	19	5	15	4	17	4	15	9	19	11	13	10	12	11	20	31	27	32	35	3	16	15	13	13	17	8	10	8	17	7	12	20	32	21	29	4	21	12	
412_A/wild_bird/Eastern_ 14	5	11	1	10	8	5	4	5	13	0	0	19	4	1	0	7	10	7	2	9	3	3	4	6	12	19	5	15	4	17	4	15	9	19	11	13	10	12	11	20	31	27	32	35	3	16	15	13	13	18	8	10	8	16	7	12	20	32	21	29	4	21	12	
413_A/wild_duck/Hunan/12 7	8	10	1	18	6	6	4	7	14	0	0	17	2	1	0	10	11	9	3	7	3	1	4	10	11	14	3	10	4	22	5	16	10	19	13	12	10	12	9	20	26	20	32	36	7	24	14	11	9	16	7	12	9	18	7	11	22	28	22	28	5	25	12	
414_A/Bulbul/Taiwan/0115 9	8	11	2	14	6	5	3	5	14	0	0	21	3	1	0	10	10	9	2	7	4	1	5	9	10	16	3	10	4	20	5	15	9	18	12	12	11	13	10	21	30	23	30	35	4	21	16	10	9	16	6	14	9	18	9	7	21	29	19	32	6	24	14	
415_A/Duck/Dongting/D76- 7	8	10	1	18	6	6	4	7	14	0	0	17	2	1	0	10	11	9	3	7	3	1	4	10	11	14	3	10	4	22	5	16	10	19	13	12	10	12	9	20	26	20	32	36	7	24	14	11	9	16	7	12	9	18	7	11	22	28	22	28	5	25	12	
416_A/chicken/Taiwan/011 9	8	11	2	15	6	5	3	6	14	0	0	20	2	1	0	10	10	9	2	6	4	1	5	9	11	16	3	10	4	20	5	15	9	18	12	12	11	13	10	21	30	23	31	35	4	21	15	10	9	16	6	14	9	18	9	7	21	29	19	32	6	24	14	
417_A/chicken/Yuhang/1/2 9	7	10	3	15	6	7	2	6	14	1	0	15	3	0	0	10	8	8	2	4	5	1	5	12	11	20	2	13	5	16	3	14	10	18	13	13	9	13	9	21	29	24	29	36	3	21	19	13	11	16	7	13	9	18	7	11	23	31	23	29	2	22	11	
418_A/chicken/Yuhang/2/2 9	8	12	2	15	6	4	3	4	14	1	0	18	2	0	0	10	8	9	2	4	6	1	5	12	8	20	2	12	7	16	4	15	8	17	12	14	10	15	10	19	27	24	29	36	5	22	18	14	11	16	7	13	9	18	7	11	22	29	23	28	3	23	11	
419_A/duck/Chongqing/S43 10	8	12	0	14	7	4	5	8	14	0	0	15	2	1	0	7	11	9	3	9	4	1	4	9	9	15	3	13	5	22	4	14	9	19	12	12	10	14	10	23	27	24	34	35	6	19	13	13	5	13	5	13	10	20	10	11	20	27	20	27	8	26	13	
420_A/duck/Eastern_China 9	7	7	1	15	6	9	4	8	15	0	0	17	2	1	0	8	8	7	2	7	5	3	5	7	11	24	5	15	5	11	4	17	11	18	9	14	9	14	12	20	25	27	32	35	5	18	12	12	12	18	5	10	7	16	9	15	24	28	22	25	4	25	12	
421_A/duck/Eastern_China 8	7	7	1	16	6	9	4	8	15	0	0	17	2	1	0	8	7	7	2	7	6	3	5	7	11	24	5	15	5	11	4	17	11	18	9	14	9	14	12	20	25	27	32	35	5	18	12	13	12	18	5	9	7	16	9	14	24	26	22	26	4	27	12	
422_A/duck/Guangdong/wy1 9	8	7	1	15	6	9	4	8	15	0	0	12	1	1	0	7	8	6	2	7	5	4	5	7	11	25	5	21	5	11	3	17	12	18	10	14	9	13	12	20	25	27	32	34	6	18	11	13	10	18	6	10	7	16	8	14	24	26	21	27	3	27	14	
423_A/duck/Guangdong/wy1 9	9	7	1	15	6	9	4	8	14	0	0	12	1	1	0	7	8	6	2	7	5	4	5	7	11	25	5	21	5	11	3	17	12	18	10	15	9	13	12	19	25	28	33	35	7	16	12	13	10	18	6	10	7	16	8	14	23	27	20	25	3	27	14	
424_A/duck/Guangdong/wy2 9	7	7	1	15	6	9	4	7	15	0	0	15	2	1	0	7	8	6	2	7	5	4	5	8	11	25	5	18	5	10	4	17	12	19	10	15	8	12	12	20	25	29	34	33	5	15	11	13	12	19	7	9	8	15	8	15	23	25	21	27	3	27	13	
425_A/duck/HuBei/03/2010 11	7	7	2	13	6	9	3	9	16	0	0	13	1	1	0	7	7	9	2	8	8	1	5	9	9	23	2	16	5	13	7	15	14	16	11	16	9	15	11	19	24	28	28	33	6	16	17	13	12	16	8	8	6	17	9	19	25	25	22	21	4	28	10	
426_A/duck/Kaohsiung/15W 11	8	11	0	13	5	6	5	7	15	0	0	14	2	1	0	11	8	8	4	4	6	1	3	10	8	19	3	15	7	17	4	13	8	19	12	16	11	12	10	22	24	25	27	35	9	19	20	10	11	16	7	10	9	18	8	12	20	28	21	30	5	25	12	
427_A/duck/Kaohsiung/20W 11	6	6	1	13	8	10	4	7	14	0	0	20	3	1	0	8	10	9	2	8	3	1	5	3	8	20	3	15	7	16	5	15	10	19	12	12	9	12	10	22	28	29	33	35	6	15	13	14	12	17	6	11	8	17	10	10	21	32	23	28	4	21	9	
428_A/duck/Liaoning/LN/2 9	7	7	2	15	7	9	3	6	13	0	0	15	3	1	0	8	9	8	2	7	4	2	5	10	11	22	3	15	5	15	5	14	15	16	11	15	8	14	11	20	26	29	28	35	4	17	16	12	12	18	6	9	6	17	9	20	23	25	24	22	3	28	9	
429_A/duck/Pingtung/1501 9	8	11	2	14	7	5	3	6	14	0	0	20	2	1	0	10	10	9	2	6	4	1	5	9	11	16	3	10	4	20	5	16	9	18	12	11	11	13	10	21	30	23	30	35	4	21	16	10	9	16	6	14	9	18	9	6	21	28	19	33	6	25	14	
430_A/duck/Tainan/16WB34 10	8	12	0	14	7	4	5	8	14	0	0	15	2	1	0	7	11	9	3	9	3	1	4	9	10	14	3	13	5	22	5	13	9	18	12	14	11	13	10	23	27	25	31	35	6	19	15	12	7	14	5	12	10	20	10	11	20	27	21	27	7	26	12	
431_A/duck/Taipei/18WB01 14	5	10	1	10	8	6	4	5	13	0	0	20	4	1	0	7	9	7	2	8	4	3	4	6	10	19	5	15	6	17	4	13	9	18	12	15	10	13	10	20	32	25	32	35	2	17	16	14	11	17	7	9	9	17	8	12	21	31	21	29	4	22	12	
432_A/duck/Taipei/19WB02 9	6	11	2	15	7	5	3	7	14	0	0	15	3	1	0	10	11	9	2	4	3	1	5	14	10	17	4	11	5	19	4	14	10	16	10	15	9	15	12	20	29	26	29	34	6	19	16	10	12	16	9	14	8	18	7	10	21	27	22	29	4	26	10	
433_A/goose/Guangdong/k0 11	8	7	1	13	6	9	4	8	15	0	0	18	1	1	0	9	7	7	2	6	6	3	5	7	11	25	5	14	5	10	4	16	10	19	9	15	10	13	12	20	26	27	32	34	4	18	12	13	12	18	5	9	6	16	9	17	24	26	22	24	5	27	12	
434_A/goose/Hong_Kong/23 11	12	6	1	13	3	10	4	7	14	0	0	12	1	1	0	5	8	8	2	9	5	2	4	13	14	21	6	15	2	15	4	14	12	14	11	13	10	17	11	22	25	24	22	34	6	21	22	12	11	17	8	11	6	18	8	19	23	30	23	22	5	22	9	
435_A/goose/Taiwan/01038 9	8	11	2	15	6	5	3	6	14	0	0	20	2	1	0	10	10	9	2	6	4	1	5	9	11	16	3	10	4	20	5	15	10	17	12	12	11	13	10	21	30	23	30	35	4	21	16	10	9	16	6	14	9	18	9	7	21	29	19	32	6	24	14	
436_A/heron/Kaohsiung/15 10	8	10	1	14	5	6	4	3	14	0	0	23	3	1	0	8	10	8	2	8	3	2	5	7	10	18	4	12	6	18	4	16	11	17	12	13	8	14	10	18	32	28	31	35	3	16	15	12	12	18	8	14	8	16	7	9	21	33	23	29	4	20	10	
437_A/quail/Jiangsu/k010 10	6	7	1	14	7	9	4	6	14	0	0	15	3	1	0	8	9	8	2	7	4	2	5	10	11	22	3	15	5	15	5	14	15	17	11	14	8	13	11	20	26	29	28	35	4	17	16	12	12	18	6	10	6	17	9	19	23	25	24	23	3	28	9	
438_A/wild_bird/Eastern_ 14	5	11	1	10	8	5	4	5	13	0	0	19	4	1	0	7	10	7	2	9	3	3	4	6	12	19	5	15	4	17	4	15	9	19	11	13	10	12	11	20	31	27	32	35	3	16	15	13	13	18	8	10	8	16	7	12	20	32	21	29	4	21	12	
439_A/wild_bird/Eastern_ 13	5	11	1	11	8	5	4	5	13	0	0	19	4	1	0	7	10	7	2	9	3	3	4	6	12	19	5	15	4	17	4	15	9	19	11	13	10	12	11	20	31	27	32	35	3	16	15	13	13	17	8	10	8	17	7	12	20	32	21	29	4	21	12	
440_A/wild_bird/Eastern_ 14	5	11	1	10	8	5	4	5	13	0	0	19	4	1	0	7	10	7	2	9	3	3	4	6	12	19	5	15	4	17	4	15	9	19	11	13	10	12	11	20	31	27	32	35	3	16	15	13	13	18	8	10	8	16	7	12	20	32	21	29	4	21	12	
